# su gauss        je-cap (rev 296)                                            
 0.85159983E+26 0.11127806E+26
 0.85047345E+26 0.11076545E+26
 0.84935289E+26 0.11025543E+26
 0.84823751E+26 0.10974736E+26
 0.84712791E+26 0.10924187E+26
 0.84602361E+26 0.10873847E+26
 0.84492473E+26 0.10823730E+26
 0.84383125E+26 0.10773836E+26
 0.84274316E+26 0.10724165E+26
 0.84166042E+26 0.10674714E+26
 0.84058288E+26 0.10625468E+26
 0.83951092E+26 0.10576469E+26
 0.83844416E+26 0.10527678E+26
 0.83738265E+26 0.10479102E+26
 0.83632639E+26 0.10430742E+26
 0.83527536E+26 0.10382597E+26
 0.83422953E+26 0.10334667E+26
 0.83318890E+26 0.10286950E+26
 0.83215343E+26 0.10239445E+26
 0.83112310E+26 0.10192153E+26
 0.83009789E+26 0.10145071E+26
 0.82907778E+26 0.10098199E+26
 0.82806275E+26 0.10051536E+26
 0.82705278E+26 0.10005081E+26
 0.82604784E+26 0.99588325E+25
 0.82504791E+26 0.99127908E+25
 0.82405298E+26 0.98669543E+25
 0.82306302E+26 0.98213223E+25
 0.82207801E+26 0.97758939E+25
 0.82109793E+26 0.97306682E+25
 0.82012275E+26 0.96856443E+25
 0.81915246E+26 0.96408213E+25
 0.81818703E+26 0.95961985E+25
 0.81722645E+26 0.95517749E+25
 0.81627068E+26 0.95075496E+25
 0.81531972E+26 0.94635218E+25
 0.81437354E+26 0.94196907E+25
 0.81343211E+26 0.93760550E+25
 0.81249542E+26 0.93326144E+25
 0.81156345E+26 0.92893686E+25
 0.81063616E+26 0.92463149E+25
 0.80971356E+26 0.92034551E+25
 0.80879560E+26 0.91607850E+25
 0.80788214E+26 0.91182934E+25
 0.80697356E+26 0.90760186E+25
 0.80606943E+26 0.90339186E+25
 0.80516987E+26 0.89920074E+25
 0.80427487E+26 0.89502847E+25
 0.80338433E+26 0.89087427E+25
 0.80249839E+26 0.88673954E+25
 0.80161689E+26 0.88262292E+25
 0.80073985E+26 0.87852472E+25
 0.79986726E+26 0.87444486E+25
 0.79899915E+26 0.87038392E+25
 0.79813532E+26 0.86633985E+25
 0.79727593E+26 0.86231454E+25
 0.79642087E+26 0.85830699E+25
 0.79557020E+26 0.85431792E+25
 0.79472382E+26 0.85034643E+25
 0.79388174E+26 0.84639275E+25
 0.79304394E+26 0.84245677E+25
 0.79221039E+26 0.83853843E+25
 0.79138108E+26 0.83463765E+25
 0.79055598E+26 0.83075436E+25
 0.78973508E+26 0.82688849E+25
 0.78891834E+26 0.82303990E+25
 0.78810577E+26 0.81920859E+25
 0.78729732E+26 0.81539445E+25
 0.78649300E+26 0.81159758E+25
 0.78569274E+26 0.80781742E+25
 0.78489657E+26 0.80405437E+25
 0.78410445E+26 0.80030820E+25
 0.78331636E+26 0.79657884E+25
 0.78253228E+26 0.79286621E+25
 0.78175219E+26 0.78917024E+25
 0.78097606E+26 0.78549086E+25
 0.78020389E+26 0.78182799E+25
 0.77943565E+26 0.77818156E+25
 0.77867131E+26 0.77455150E+25
 0.77791087E+26 0.77093774E+25
 0.77715429E+26 0.76734021E+25
 0.77640156E+26 0.76375883E+25
 0.77565266E+26 0.76019354E+25
 0.77490757E+26 0.75664426E+25
 0.77416627E+26 0.75311092E+25
 0.77342871E+26 0.74959323E+25
 0.77269495E+26 0.74609180E+25
 0.77196489E+26 0.74260588E+25
 0.77123854E+26 0.73913563E+25
 0.77051588E+26 0.73568097E+25
 0.76979689E+26 0.73224184E+25
 0.76908155E+26 0.72881817E+25
 0.76836983E+26 0.72540989E+25
 0.76766173E+26 0.72201694E+25
 0.76695721E+26 0.71863924E+25
 0.76625627E+26 0.71527674E+25
 0.76555887E+26 0.71192936E+25
 0.76486501E+26 0.70859704E+25
 0.76417466E+26 0.70527971E+25
 0.76348780E+26 0.70197730E+25
 0.76280441E+26 0.69868975E+25
 0.76212447E+26 0.69541700E+25
 0.76144797E+26 0.69215897E+25
 0.76077488E+26 0.68891562E+25
 0.76010518E+26 0.68568685E+25
 0.75943886E+26 0.68247263E+25
 0.75877589E+26 0.67927288E+25
 0.75811626E+26 0.67608753E+25
 0.75745994E+26 0.67291653E+25
 0.75680693E+26 0.66975980E+25
 0.75615719E+26 0.66661730E+25
 0.75551070E+26 0.66348895E+25
 0.75486746E+26 0.66037469E+25
 0.75422744E+26 0.65727447E+25
 0.75359062E+26 0.65418821E+25
 0.75295698E+26 0.65111586E+25
 0.75232651E+26 0.64805735E+25
 0.75169917E+26 0.64501263E+25
 0.75107497E+26 0.64198163E+25
 0.75045386E+26 0.63896430E+25
 0.74983585E+26 0.63596057E+25
 0.74922090E+26 0.63297037E+25
 0.74860901E+26 0.62999367E+25
 0.74800014E+26 0.62703039E+25
 0.74739428E+26 0.62408046E+25
 0.74679142E+26 0.62114384E+25
 0.74619153E+26 0.61822047E+25
 0.74559459E+26 0.61531029E+25
 0.74500059E+26 0.61241323E+25
 0.74440951E+26 0.60952925E+25
 0.74382133E+26 0.60665828E+25
 0.74323602E+26 0.60380026E+25
 0.74265358E+26 0.60095514E+25
 0.74207398E+26 0.59812286E+25
 0.74149721E+26 0.59530337E+25
 0.74092324E+26 0.59249660E+25
 0.74035206E+26 0.58970250E+25
 0.73978365E+26 0.58692102E+25
 0.73921799E+26 0.58415209E+25
 0.73865506E+26 0.58139567E+25
 0.73809485E+26 0.57865170E+25
 0.73753733E+26 0.57592012E+25
 0.73698249E+26 0.57320088E+25
 0.73643031E+26 0.57049392E+25
 0.73588077E+26 0.56779918E+25
 0.73533385E+26 0.56511662E+25
 0.73478953E+26 0.56244619E+25
 0.73424781E+26 0.55978781E+25
 0.73370865E+26 0.55714145E+25
 0.73317204E+26 0.55450705E+25
 0.73263796E+26 0.55188456E+25
 0.73210640E+26 0.54927391E+25
 0.73157733E+26 0.54667507E+25
 0.73105074E+26 0.54408798E+25
 0.73052661E+26 0.54151258E+25
 0.73000493E+26 0.53894883E+25
 0.72948567E+26 0.53639667E+25
 0.72896882E+26 0.53385604E+25
 0.72845435E+26 0.53132691E+25
 0.72794226E+26 0.52880922E+25
 0.72743252E+26 0.52630291E+25
 0.72692512E+26 0.52380794E+25
 0.72642003E+26 0.52132426E+25
 0.72591725E+26 0.51885181E+25
 0.72541760E+26 0.51639055E+25
 0.72491937E+26 0.51394042E+25
 0.72442338E+26 0.51150138E+25
 0.72392963E+26 0.50907338E+25
 0.72343809E+26 0.50665636E+25
 0.72294874E+26 0.50425029E+25
 0.72246158E+26 0.50185510E+25
 0.72197657E+26 0.49947076E+25
 0.72149371E+26 0.49709721E+25
 0.72101297E+26 0.49473440E+25
 0.72053434E+26 0.49238230E+25
 0.72005781E+26 0.49004084E+25
 0.71958335E+26 0.48770998E+25
 0.71911095E+26 0.48538968E+25
 0.71864059E+26 0.48307989E+25
 0.71817225E+26 0.48078056E+25
 0.71770592E+26 0.47849164E+25
 0.71724158E+26 0.47621309E+25
 0.71677921E+26 0.47394486E+25
 0.71631879E+26 0.47168691E+25
 0.71586032E+26 0.46943919E+25
 0.71540377E+26 0.46720165E+25
 0.71494912E+26 0.46497425E+25
 0.71449636E+26 0.46275694E+25
 0.71404547E+26 0.46054968E+25
 0.71359644E+26 0.45835243E+25
 0.71314924E+26 0.45616513E+25
 0.71270386E+26 0.45398775E+25
 0.71226029E+26 0.45182023E+25
 0.71181851E+26 0.44966255E+25
 0.71137850E+26 0.44751464E+25
 0.71094023E+26 0.44537647E+25
 0.71050372E+26 0.44324800E+25
 0.71006892E+26 0.44112917E+25
 0.70963583E+26 0.43901996E+25
 0.70920442E+26 0.43692031E+25
 0.70877469E+26 0.43483018E+25
 0.70834661E+26 0.43274953E+25
 0.70792017E+26 0.43067832E+25
 0.70749536E+26 0.42861650E+25
 0.70707215E+26 0.42656404E+25
 0.70665053E+26 0.42452089E+25
 0.70623049E+26 0.42248700E+25
 0.70581201E+26 0.42046235E+25
 0.70539507E+26 0.41844688E+25
 0.70497965E+26 0.41644056E+25
 0.70456575E+26 0.41444334E+25
 0.70415333E+26 0.41245518E+25
 0.70374238E+26 0.41047605E+25
 0.70333260E+26 0.40850590E+25
 0.70292483E+26 0.40654469E+25
 0.70251820E+26 0.40459238E+25
 0.70211306E+26 0.40264894E+25
 0.70170934E+26 0.40071432E+25
 0.70130700E+26 0.39878848E+25
 0.70090596E+26 0.39687138E+25
 0.70050608E+26 0.39496299E+25
 0.70010729E+26 0.39306327E+25
 0.69971033E+26 0.39117217E+25
 0.69931497E+26 0.38928966E+25
 0.69892077E+26 0.38741569E+25
 0.69798312E+26 0.38555024E+25
 0.69813599E+26 0.38369326E+25
 0.69774481E+26 0.38184472E+25
 0.69735489E+26 0.38000457E+25
 0.69696676E+26 0.37817279E+25
 0.69658008E+26 0.37634932E+25
 0.69619432E+26 0.37453414E+25
 0.69580955E+26 0.37272720E+25
 0.69542593E+26 0.37092848E+25
 0.69504342E+26 0.36913793E+25
 0.69466201E+26 0.36735551E+25
 0.69428184E+26 0.36558119E+25
 0.69390273E+26 0.36381494E+25
 0.69352448E+26 0.36205672E+25
 0.69314767E+26 0.36030648E+25
 0.69277169E+26 0.35856420E+25
 0.69239681E+26 0.35682984E+25
 0.69202277E+26 0.35510337E+25
 0.69164988E+26 0.35338474E+25
 0.69127782E+26 0.35167393E+25
 0.69090679E+26 0.34997089E+25
 0.69053672E+26 0.34827560E+25
 0.69016757E+26 0.34658801E+25
 0.68979921E+26 0.34490810E+25
 0.68943210E+26 0.34323583E+25
 0.68906566E+26 0.34157116E+25
 0.68869974E+26 0.33991406E+25
 0.68833530E+26 0.33826450E+25
 0.68797133E+26 0.33662244E+25
 0.68760831E+26 0.33498785E+25
 0.68724614E+26 0.33336070E+25
 0.68688470E+26 0.33174094E+25
 0.68652403E+26 0.33012856E+25
 0.68616416E+26 0.32852351E+25
 0.68580499E+26 0.32692576E+25
 0.68544657E+26 0.32533528E+25
 0.68508889E+26 0.32375203E+25
 0.68473190E+26 0.32217599E+25
 0.68437548E+26 0.32060713E+25
 0.68401999E+26 0.31904540E+25
 0.68366503E+26 0.31749078E+25
 0.68331071E+26 0.31594323E+25
 0.68295703E+26 0.31440272E+25
 0.68260396E+26 0.31286923E+25
 0.68225150E+26 0.31134272E+25
 0.68189962E+26 0.30982315E+25
 0.68154831E+26 0.30831050E+25
 0.68119756E+26 0.30680474E+25
 0.68084735E+26 0.30530583E+25
 0.68049766E+26 0.30381375E+25
 0.68014837E+26 0.30232846E+25
 0.67979981E+26 0.30084993E+25
 0.67945162E+26 0.29937813E+25
 0.67910389E+26 0.29791303E+25
 0.67875662E+26 0.29645461E+25
 0.67840978E+26 0.29500282E+25
 0.67806337E+26 0.29355765E+25
 0.67771712E+26 0.29211906E+25
 0.67737175E+26 0.29068702E+25
 0.67702638E+26 0.28926150E+25
 0.67668113E+26 0.28784248E+25
 0.67633712E+26 0.28642991E+25
 0.30861534E+26 0.28502379E+25
 0.67564902E+26 0.28362406E+25
 0.67530551E+26 0.28223072E+25
 0.67496210E+26 0.28084372E+25
 0.67461912E+26 0.27946304E+25
 0.67427651E+26 0.27808865E+25
 0.67393402E+26 0.27672052E+25
 0.67359151E+26 0.27535862E+25
 0.67324971E+26 0.27400293E+25
 0.67290786E+26 0.27265342E+25
 0.67256621E+26 0.27131006E+25
 0.67222472E+26 0.26997281E+25
 0.67188339E+26 0.26864167E+25
 0.67154221E+26 0.26731658E+25
 0.67120114E+26 0.26599754E+25
 0.67086020E+26 0.26468451E+25
 0.67051935E+26 0.26337746E+25
 0.67017858E+26 0.26207638E+25
 0.66983788E+26 0.26078122E+25
 0.66949723E+26 0.25949196E+25
 0.66915662E+26 0.25820858E+25
 0.66881603E+26 0.25693106E+25
 0.66847545E+26 0.25565935E+25
 0.66813487E+26 0.25439345E+25
 0.66779427E+26 0.25313331E+25
 0.66745362E+26 0.25187893E+25
 0.66711292E+26 0.25063026E+25
 0.66677216E+26 0.24938728E+25
 0.66643132E+26 0.24814997E+25
 0.66609040E+26 0.24691831E+25
 0.66574934E+26 0.24569226E+25
 0.66540815E+26 0.24447180E+25
 0.66506683E+26 0.24325691E+25
 0.66472536E+26 0.24204756E+25
 0.66438372E+26 0.24084372E+25
 0.66404188E+26 0.23964537E+25
 0.66369985E+26 0.23845250E+25
 0.66335760E+26 0.23726506E+25
 0.66301512E+26 0.23608304E+25
 0.66267239E+26 0.23490641E+25
 0.66232940E+26 0.23373514E+25
 0.66198613E+26 0.23256922E+25
 0.66164257E+26 0.23140863E+25
 0.66129870E+26 0.23025332E+25
 0.66095451E+26 0.22910329E+25
 0.66060999E+26 0.22795850E+25
 0.66026510E+26 0.22681894E+25
 0.65991985E+26 0.22568457E+25
 0.65957410E+26 0.22455539E+25
 0.65922807E+26 0.22343135E+25
 0.65888173E+26 0.22231245E+25
 0.65853485E+26 0.22119865E+25
 0.65818753E+26 0.22008993E+25
 0.65783974E+26 0.21898628E+25
 0.65749148E+26 0.21788766E+25
 0.65714273E+26 0.21679406E+25
 0.65679346E+26 0.21570545E+25
 0.65644368E+26 0.21462180E+25
 0.65609335E+26 0.21354311E+25
 0.65574248E+26 0.21246933E+25
 0.65539103E+26 0.21140046E+25
 0.65503900E+26 0.21033647E+25
 0.65468636E+26 0.20927734E+25
 0.65433311E+26 0.20822304E+25
 0.65397923E+26 0.20717356E+25
 0.65362470E+26 0.20612887E+25
 0.65326951E+26 0.20508895E+25
 0.65291363E+26 0.20405378E+25
 0.65255706E+26 0.20302333E+25
 0.65219978E+26 0.20199759E+25
 0.65184177E+26 0.20097654E+25
 0.65148302E+26 0.19996014E+25
 0.65112351E+26 0.19894839E+25
 0.65076322E+26 0.19794127E+25
 0.65040214E+26 0.19693874E+25
 0.65004026E+26 0.19594079E+25
 0.64967755E+26 0.19494740E+25
 0.64931400E+26 0.19395854E+25
 0.64894960E+26 0.19297421E+25
 0.64858432E+26 0.19199437E+25
 0.64821816E+26 0.19101901E+25
 0.64785109E+26 0.19004810E+25
 0.64748311E+26 0.18908163E+25
 0.64711418E+26 0.18811958E+25
 0.64674430E+26 0.18716192E+25
 0.64637346E+26 0.18620864E+25
 0.64600163E+26 0.18525972E+25
 0.64562879E+26 0.18431513E+25
 0.64525494E+26 0.18337486E+25
 0.64488005E+26 0.18243888E+25
 0.64450411E+26 0.18150719E+25
 0.64412711E+26 0.18057975E+25
 0.64374902E+26 0.17965656E+25
 0.64336982E+26 0.17873758E+25
 0.64298951E+26 0.17782281E+25
 0.64260807E+26 0.17691221E+25
 0.64222547E+26 0.17600578E+25
 0.64184171E+26 0.17510350E+25
 0.64145677E+26 0.17420534E+25
 0.64107062E+26 0.17331129E+25
 0.64068325E+26 0.17242132E+25
 0.64029465E+26 0.17153543E+25
 0.63990480E+26 0.17065359E+25
 0.63951367E+26 0.16977578E+25
 0.63912127E+26 0.16890198E+25
 0.63872757E+26 0.16803219E+25
 0.63833254E+26 0.16716637E+25
 0.63793618E+26 0.16630451E+25
 0.63753846E+26 0.16544660E+25
 0.63713938E+26 0.16459261E+25
 0.63673890E+26 0.16374253E+25
 0.63633703E+26 0.16289634E+25
 0.63593373E+26 0.16205403E+25
 0.63552899E+26 0.16121556E+25
 0.63512280E+26 0.16038094E+25
 0.63471514E+26 0.15955013E+25
 0.63430599E+26 0.15872313E+25
 0.63389533E+26 0.15789991E+25
 0.63348315E+26 0.15708047E+25
 0.63306942E+26 0.15626477E+25
 0.63265414E+26 0.15545281E+25
 0.63223728E+26 0.15464457E+25
 0.63181883E+26 0.15384003E+25
 0.63139876E+26 0.15303917E+25
 0.63097707E+26 0.15224198E+25
 0.63055374E+26 0.15144845E+25
 0.63012874E+26 0.15065855E+25
 0.62970207E+26 0.14987226E+25
 0.62927369E+26 0.14908958E+25
 0.62884361E+26 0.14831049E+25
 0.62841179E+26 0.14753497E+25
 0.62797822E+26 0.14676300E+25
 0.62754289E+26 0.14599457E+25
 0.62710577E+26 0.14522966E+25
 0.62666685E+26 0.14446826E+25
 0.62622611E+26 0.14371034E+25
 0.62578354E+26 0.14295591E+25
 0.62533912E+26 0.14220493E+25
 0.62489282E+26 0.14145740E+25
 0.62444463E+26 0.14071330E+25
 0.62399454E+26 0.13997260E+25
 0.62354253E+26 0.13923531E+25
 0.62308857E+26 0.13850140E+25
 0.62263267E+26 0.13777086E+25
 0.62217478E+26 0.13704367E+25
 0.62171490E+26 0.13631982E+25
 0.62125301E+26 0.13559929E+25
 0.62078910E+26 0.13488206E+25
 0.62032314E+26 0.13416813E+25
 0.61985511E+26 0.13345748E+25
 0.61938501E+26 0.13275010E+25
 0.61891281E+26 0.13204596E+25
 0.61843850E+26 0.13134505E+25
 0.61796206E+26 0.13064737E+25
 0.61748347E+26 0.12995289E+25
 0.61700271E+26 0.12926160E+25
 0.61651981E+26 0.12857349E+25
 0.61603467E+26 0.12788855E+25
 0.61554727E+26 0.12720675E+25
 0.61505768E+26 0.12652809E+25
 0.61456584E+26 0.12585254E+25
 0.61407173E+26 0.12518011E+25
 0.61357533E+26 0.12451077E+25
 0.61307663E+26 0.12384451E+25
 0.61257562E+26 0.12318131E+25
 0.61207226E+26 0.12252117E+25
 0.61156655E+26 0.12186406E+25
 0.61105847E+26 0.12120998E+25
 0.61054801E+26 0.12055892E+25
 0.61003514E+26 0.11991085E+25
 0.60951985E+26 0.11926576E+25
 0.60900212E+26 0.11862365E+25
 0.60848196E+26 0.11798450E+25
 0.60795929E+26 0.11734829E+25
 0.60743415E+26 0.11671502E+25
 0.60690651E+26 0.11608467E+25
 0.60637635E+26 0.11545722E+25
 0.60584365E+26 0.11483267E+25
 0.60530840E+26 0.11421100E+25
 0.60477059E+26 0.11359220E+25
 0.60423019E+26 0.11297625E+25
 0.60368718E+26 0.11236315E+25
 0.60314156E+26 0.11175288E+25
 0.60259331E+26 0.11114543E+25
 0.60204240E+26 0.11054078E+25
 0.60148884E+26 0.10993893E+25
 0.60093260E+26 0.10933986E+25
 0.60037366E+26 0.10874356E+25
 0.59981207E+26 0.10815002E+25
 0.59924762E+26 0.10755922E+25
 0.59868051E+26 0.10697116E+25
 0.59811063E+26 0.10638582E+25
 0.59753798E+26 0.10580318E+25
 0.59696255E+26 0.10522325E+25
 0.59638431E+26 0.10464600E+25
 0.59580329E+26 0.10407143E+25
 0.59521935E+26 0.10349952E+25
 0.59463263E+26 0.10293026E+25
 0.59404303E+26 0.10236364E+25
 0.59345056E+26 0.10179965E+25
 0.59285520E+26 0.10123827E+25
 0.59225694E+26 0.10067950E+25
 0.59165576E+26 0.10012333E+25
 0.59105164E+26 0.99569735E+24
 0.59044457E+26 0.99018714E+24
 0.58983463E+26 0.98470255E+24
 0.58922156E+26 0.97924345E+24
 0.58860557E+26 0.97380974E+24
 0.58798659E+26 0.96840130E+24
 0.58736461E+26 0.96301804E+24
 0.58673957E+26 0.95765983E+24
 0.58611152E+26 0.95232658E+24
 0.58548040E+26 0.94701818E+24
 0.58484623E+26 0.94173451E+24
 0.58420897E+26 0.93647548E+24
 0.58356863E+26 0.93124098E+24
 0.58292525E+26 0.92603090E+24
 0.58227862E+26 0.92084514E+24
 0.58162893E+26 0.91568360E+24
 0.58097611E+26 0.91054617E+24
 0.58032013E+26 0.90543274E+24
 0.57966104E+26 0.90034323E+24
 0.57899769E+26 0.89527752E+24
 0.57833220E+26 0.89023551E+24
 0.57766453E+26 0.88521709E+24
 0.57699268E+26 0.88022220E+24
 0.57631756E+26 0.87525070E+24
 0.57563882E+26 0.87030252E+24
 0.57495767E+26 0.86537754E+24
 0.57427286E+26 0.86047567E+24
 0.57358480E+26 0.85559681E+24
 0.57289349E+26 0.85074087E+24
 0.57219891E+26 0.84590775E+24
 0.57150104E+26 0.84109735E+24
 0.57079941E+26 0.83630958E+24
 0.57009519E+26 0.83154434E+24
 0.56938748E+26 0.82680155E+24
 0.56867607E+26 0.82208109E+24
 0.56796198E+26 0.81738289E+24
 0.55191887E+26 0.81270685E+24
 0.56652227E+26 0.80805287E+24
 0.56579861E+26 0.80342087E+24
 0.56507087E+26 0.79881075E+24
 0.56433986E+26 0.79422243E+24
 0.56360533E+26 0.78965580E+24
 0.56286742E+26 0.78511079E+24
 0.56212600E+26 0.78058731E+24
 0.56138043E+26 0.77608525E+24
 0.56063335E+26 0.77160455E+24
 0.55988178E+26 0.76714510E+24
 0.55912701E+26 0.76270682E+24
 0.55836873E+26 0.75828962E+24
 0.55760702E+26 0.75389342E+24
 0.55684182E+26 0.74951814E+24
 0.55607334E+26 0.74516367E+24
 0.55530136E+26 0.74082995E+24
 0.55452497E+26 0.73651688E+24
 0.55374719E+26 0.73222438E+24
 0.55296482E+26 0.72795237E+24
 0.55217910E+26 0.72370076E+24
 0.55138992E+26 0.71946947E+24
 0.55059729E+26 0.71525842E+24
 0.54980024E+26 0.71106753E+24
 0.54900071E+26 0.70689671E+24
 0.54819877E+26 0.70274588E+24
 0.54739251E+26 0.69861497E+24
 0.54658241E+26 0.69450388E+24
 0.54576863E+26 0.69041255E+24
 0.54495125E+26 0.68634090E+24
 0.54413181E+26 0.68228883E+24
 0.54330809E+26 0.67825628E+24
 0.54248050E+26 0.67424317E+24
 0.52084147E+26 0.67024941E+24
 0.54081608E+26 0.66627494E+24
 0.53997869E+26 0.66231967E+24
 0.53913708E+26 0.65838353E+24
 0.53829304E+26 0.65446644E+24
 0.53744533E+26 0.65056832E+24
 0.53659397E+26 0.64668911E+24
 0.53573914E+26 0.64282872E+24
 0.53488096E+26 0.63898708E+24
 0.53401899E+26 0.63516411E+24
 0.53315247E+26 0.63135975E+24
 0.53228441E+26 0.62757392E+24
 0.53141310E+26 0.62380654E+24
 0.53053800E+26 0.62005755E+24
 0.52965914E+26 0.61632686E+24
 0.52877687E+26 0.61261441E+24
 0.52789126E+26 0.60892013E+24
 0.52700165E+26 0.60524395E+24
 0.52610960E+26 0.60158579E+24
 0.52521362E+26 0.59794558E+24
 0.52431448E+26 0.59432326E+24
 0.52341180E+26 0.59071875E+24
 0.52250584E+26 0.58713199E+24
 0.52159645E+26 0.58356290E+24
 0.52068364E+26 0.58001141E+24
 0.51976759E+26 0.57647746E+24
 0.51884715E+26 0.57296099E+24
 0.51792491E+26 0.56946191E+24
 0.51699820E+26 0.56598017E+24
 0.41163729E+26 0.56251570E+24
 0.51513677E+26 0.55906842E+24
 0.51420100E+26 0.55563828E+24
 0.51326170E+26 0.55222521E+24
 0.51231923E+26 0.54882913E+24
 0.51137343E+26 0.54545000E+24
 0.51042432E+26 0.54208773E+24
 0.50947199E+26 0.53874227E+24
 0.50851644E+26 0.53541355E+24
 0.50755671E+26 0.53210151E+24
 0.50659569E+26 0.52880607E+24
 0.50563052E+26 0.52552719E+24
 0.50466217E+26 0.52226479E+24
 0.50369066E+26 0.51901882E+24
 0.50271619E+26 0.51578920E+24
 0.50173819E+26 0.51257588E+24
 0.50075727E+26 0.50937880E+24
 0.49977324E+26 0.50619788E+24
 0.49878612E+26 0.50303308E+24
 0.49779591E+26 0.49988432E+24
 0.49680264E+26 0.49675155E+24
 0.49580615E+26 0.49363471E+24
 0.49480589E+26 0.49053374E+24
 0.49380444E+26 0.48744857E+24
 0.49279923E+26 0.48437914E+24
 0.49179075E+26 0.48132540E+24
 0.49077945E+26 0.47828728E+24
 0.48976238E+26 0.47526474E+24
 0.48874514E+26 0.47225769E+24
 0.48772514E+26 0.46926610E+24
 0.48670215E+26 0.46628989E+24
 0.48567631E+26 0.46332902E+24
 0.48464761E+26 0.46038341E+24
 0.48361609E+26 0.45745302E+24
 0.48258174E+26 0.45453779E+24
 0.48154461E+26 0.45163766E+24
 0.48050421E+26 0.44875256E+24
 0.47946204E+26 0.44588245E+24
 0.47841665E+26 0.44302727E+24
 0.47736853E+26 0.44018696E+24
 0.47631597E+26 0.43736147E+24
 0.47526428E+26 0.43455073E+24
 0.47420819E+26 0.43175469E+24
 0.47314946E+26 0.42897330E+24
 0.47208812E+26 0.42620651E+24
 0.47102414E+26 0.42345424E+24
 0.46995760E+26 0.42071646E+24
 0.46888768E+26 0.41799310E+24
 0.46781722E+26 0.41528411E+24
 0.43338790E+26 0.41258943E+24
 0.46566539E+26 0.40990902E+24
 0.46458786E+26 0.40724281E+24
 0.46350648E+26 0.40459076E+24
 0.46242287E+26 0.40195280E+24
 0.46133685E+26 0.39932889E+24
 0.46024845E+26 0.39671897E+24
 0.45915759E+26 0.39412298E+24
 0.45806471E+26 0.39154088E+24
 0.45696943E+26 0.38897262E+24
 0.45587198E+26 0.38641813E+24
 0.45477227E+26 0.38387736E+24
 0.45366952E+26 0.38135027E+24
 0.45256627E+26 0.37883680E+24
 0.45146021E+26 0.37633690E+24
 0.45035194E+26 0.37385051E+24
 0.44924155E+26 0.37137759E+24
 0.44812915E+26 0.36891808E+24
 0.44701474E+26 0.36647194E+24
 0.44589835E+26 0.36403910E+24
 0.44477996E+26 0.36161952E+24
 0.44365953E+26 0.35921315E+24
 0.44253790E+26 0.35681993E+24
 0.44141375E+26 0.35443982E+24
 0.44028733E+26 0.35207276E+24
 0.43916021E+26 0.34971870E+24
 0.43803044E+26 0.34737760E+24
 0.43689849E+26 0.34504940E+24
 0.43576611E+26 0.34273406E+24
 0.43463150E+26 0.34043151E+24
 0.43266894E+26 0.33814172E+24
 0.43235601E+26 0.33586462E+24
 0.43121651E+26 0.33360018E+24
 0.43007470E+26 0.33134835E+24
 0.42893253E+26 0.32910907E+24
 0.42778827E+26 0.32688229E+24
 0.42664261E+26 0.32466797E+24
 0.42549464E+26 0.32246605E+24
 0.42434634E+26 0.32027649E+24
 0.40703008E+26 0.31809924E+24
 0.41762852E+26 0.31593425E+24
 0.42089180E+26 0.31378147E+24
 0.41973660E+26 0.31164085E+24
 0.41858147E+26 0.30951234E+24
 0.41742546E+26 0.30739589E+24
 0.41626752E+26 0.30529147E+24
 0.41510837E+26 0.30319901E+24
 0.41394804E+26 0.30111847E+24
 0.41278664E+26 0.29904981E+24
 0.41162328E+26 0.29699297E+24
 0.41046060E+26 0.29494790E+24
 0.40929604E+26 0.29291457E+24
 0.40812987E+26 0.29089291E+24
 0.40696250E+26 0.28888289E+24
 0.40579627E+26 0.28688446E+24
 0.40462785E+26 0.28489752E+24
 0.40345859E+26 0.28292211E+24
 0.40228835E+26 0.28095816E+24
 0.40111755E+26 0.27900560E+24
 0.39994530E+26 0.27706440E+24
 0.39877337E+26 0.27513449E+24
 0.39759995E+26 0.27321585E+24
 0.39642563E+26 0.27130842E+24
 0.39525166E+26 0.26941215E+24
 0.39407677E+26 0.26752700E+24
 0.39129220E+26 0.26565292E+24
 0.39172481E+26 0.26378986E+24
 0.39054784E+26 0.26193779E+24
 0.38936995E+26 0.26009665E+24
 0.38819239E+26 0.25826639E+24
 0.38701475E+26 0.25644698E+24
 0.38583618E+26 0.25463836E+24
 0.38465718E+26 0.25284049E+24
 0.36271474E+26 0.25105333E+24
 0.38229829E+26 0.24927682E+24
 0.38111847E+26 0.24751093E+24
 0.37993761E+26 0.24575560E+24
 0.37875706E+26 0.24401080E+24
 0.37757761E+26 0.24227647E+24
 0.37639717E+26 0.24055257E+24
 0.37521621E+26 0.23883906E+24
 0.37403469E+26 0.23713588E+24
 0.37285458E+26 0.23544301E+24
 0.37167369E+26 0.23376039E+24
 0.37049281E+26 0.23208797E+24
 0.36931195E+26 0.23042572E+24
 0.36813128E+26 0.22877358E+24
 0.36695005E+26 0.22713151E+24
 0.36576994E+26 0.22549947E+24
 0.36458936E+26 0.22387741E+24
 0.36340934E+26 0.22226529E+24
 0.36222889E+26 0.22066307E+24
 0.36104912E+26 0.21907070E+24
 0.35986878E+26 0.21748813E+24
 0.35869015E+26 0.21591533E+24
 0.35751177E+26 0.21435224E+24
 0.35633353E+26 0.21279883E+24
 0.35515526E+26 0.21125505E+24
 0.35397818E+26 0.20972085E+24
 0.35280089E+26 0.20819620E+24
 0.35162368E+26 0.20668105E+24
 0.35044781E+26 0.20517535E+24
 0.33342467E+26 0.20367907E+24
 0.34809688E+26 0.20219215E+24
 0.34692266E+26 0.20071456E+24
 0.34574880E+26 0.19924626E+24
 0.34457532E+26 0.19778719E+24
 0.34340370E+26 0.19633732E+24
 0.34223153E+26 0.19489661E+24
 0.34106088E+26 0.19346500E+24
 0.33989015E+26 0.19204247E+24
 0.33872114E+26 0.19062895E+24
 0.33755198E+26 0.18922442E+24
 0.33638426E+26 0.18782884E+24
 0.33521725E+26 0.18644214E+24
 0.33405326E+26 0.18506431E+24
 0.33288782E+26 0.18369528E+24
 0.33172195E+26 0.18233503E+24
 0.33056031E+26 0.18098351E+24
 0.32939812E+26 0.17964067E+24
 0.32823710E+26 0.17830648E+24
 0.32707477E+26 0.17698088E+24
 0.32591737E+26 0.17566385E+24
 0.32475808E+26 0.17435534E+24
 0.32360324E+26 0.17305531E+24
 0.32244747E+26 0.17176371E+24
 0.32129298E+26 0.17048051E+24
 0.32013982E+26 0.16920566E+24
 0.31898817E+26 0.16793912E+24
 0.31783747E+26 0.16668085E+24
 0.31668752E+26 0.16543081E+24
 0.31553922E+26 0.16418896E+24
 0.31439284E+26 0.16295525E+24
 0.31324701E+26 0.16172965E+24
 0.31210272E+26 0.16051212E+24
 0.31095997E+26 0.15930261E+24
 0.30981859E+26 0.15810109E+24
 0.30867882E+26 0.15690751E+24
 0.30754021E+26 0.15572184E+24
 0.30640321E+26 0.15454403E+24
 0.30526785E+26 0.15337404E+24
 0.30413236E+26 0.15221183E+24
 0.30299978E+26 0.15105737E+24
 0.30186922E+26 0.14991061E+24
 0.30073943E+26 0.14877151E+24
 0.29961188E+26 0.14764004E+24
 0.29848557E+26 0.14651615E+24
 0.29736068E+26 0.14539980E+24
 0.29623829E+26 0.14429095E+24
 0.29511723E+26 0.14318958E+24
 0.28925294E+26 0.14209563E+24
 0.29229769E+26 0.14100906E+24
 0.29176442E+26 0.13992985E+24
 0.29065058E+26 0.13885794E+24
 0.28953845E+26 0.13779330E+24
 0.28842834E+26 0.13673590E+24
 0.28731971E+26 0.13568569E+24
 0.28621290E+26 0.13464263E+24
 0.28510764E+26 0.13360668E+24
 0.28400402E+26 0.13257782E+24
 0.28290293E+26 0.13155599E+24
 0.28180381E+26 0.13054116E+24
 0.28070635E+26 0.12953330E+24
 0.27961120E+26 0.12853236E+24
 0.27851735E+26 0.12753831E+24
 0.27742587E+26 0.12655110E+24
 0.27633771E+26 0.12557071E+24
 0.27524876E+26 0.12459709E+24
 0.27416316E+26 0.12363021E+24
 0.27308095E+26 0.12267003E+24
 0.27199839E+26 0.12171651E+24
 0.27091900E+26 0.12076962E+24
 0.26984164E+26 0.11982931E+24
 0.26876653E+26 0.11889556E+24
 0.26769340E+26 0.11796832E+24
 0.26662261E+26 0.11704756E+24
 0.26555408E+26 0.11613324E+24
 0.26448710E+26 0.11522533E+24
 0.26342274E+26 0.11432378E+24
 0.26236033E+26 0.11342857E+24
 0.26130023E+26 0.11253965E+24
 0.26024234E+26 0.11165700E+24
 0.25918678E+26 0.11078057E+24
 0.25813323E+26 0.10991032E+24
 0.25708204E+26 0.10904624E+24
 0.25603311E+26 0.10818827E+24
 0.25498656E+26 0.10733638E+24
 0.25394217E+26 0.10649054E+24
 0.25289999E+26 0.10565071E+24
 0.25186020E+26 0.10481686E+24
 0.25082273E+26 0.10398896E+24
 0.24978762E+26 0.10316696E+24
 0.24875482E+26 0.10235083E+24
 0.24772438E+26 0.10154054E+24
 0.24669630E+26 0.10073606E+24
 0.24567053E+26 0.99937342E+23
 0.24464720E+26 0.99144363E+23
 0.24362630E+26 0.98357086E+23
 0.24260771E+26 0.97575476E+23
 0.24159160E+26 0.96799501E+23
 0.24057789E+26 0.96029126E+23
 0.23956667E+26 0.95264317E+23
 0.23855776E+26 0.94505041E+23
 0.23755138E+26 0.93751266E+23
 0.23654748E+26 0.93002957E+23
 0.23554590E+26 0.92260082E+23
 0.23454699E+26 0.91522608E+23
 0.23355143E+26 0.90790501E+23
 0.23255634E+26 0.90063730E+23
 0.23156483E+26 0.89342262E+23
 0.23057580E+26 0.88626064E+23
 0.22958928E+26 0.87915104E+23
 0.22860528E+26 0.87209349E+23
 0.22762390E+26 0.86508769E+23
 0.22664484E+26 0.85813330E+23
 0.22566849E+26 0.85123001E+23
 0.22469461E+26 0.84437751E+23
 0.22372333E+26 0.83757547E+23
 0.22275459E+26 0.83082359E+23
 0.22178842E+26 0.82412155E+23
 0.22082483E+26 0.81746904E+23
 0.21986381E+26 0.81086575E+23
 0.21890503E+26 0.80431137E+23
 0.18212211E+26 0.79780559E+23
 0.20269055E+26 0.79134811E+23
 0.21604580E+26 0.78493867E+23
 0.21509772E+26 0.77857687E+23
 0.21415235E+26 0.77226245E+23
 0.21320964E+26 0.76599512E+23
 0.21226942E+26 0.75977457E+23
 0.21133181E+26 0.75360050E+23
 0.21039677E+26 0.74747263E+23
 0.20946437E+26 0.74139064E+23
 0.20853481E+26 0.73535426E+23
 0.20760792E+26 0.72936317E+23
 0.20469239E+26 0.72341710E+23
 0.20576207E+26 0.71751576E+23
 0.20484306E+26 0.71165884E+23
 0.20392613E+26 0.70584606E+23
 0.20301279E+26 0.70007715E+23
 0.20210187E+26 0.69435180E+23
 0.20119359E+26 0.68866974E+23
 0.20028789E+26 0.68303068E+23
 0.19938434E+26 0.67743435E+23
 0.19848450E+26 0.67188046E+23
 0.19758675E+26 0.66636873E+23
 0.19669188E+26 0.66089889E+23
 0.19579961E+26 0.65547066E+23
 0.19490999E+26 0.65008376E+23
 0.19402310E+26 0.64473792E+23
 0.19313888E+26 0.63943287E+23
 0.19225739E+26 0.63416833E+23
 0.19137848E+26 0.62894405E+23
 0.19050207E+26 0.62375974E+23
 0.18962873E+26 0.61861514E+23
 0.18875808E+26 0.61350999E+23
 0.18788974E+26 0.60844401E+23
 0.18702447E+26 0.60341696E+23
 0.18616212E+26 0.59842856E+23
 0.18530231E+26 0.59347855E+23
 0.18444513E+26 0.58856669E+23
 0.18359066E+26 0.58369269E+23
 0.18273890E+26 0.57885632E+23
 0.18188986E+26 0.57405732E+23
 0.18104352E+26 0.56929542E+23
 0.18019989E+26 0.56457039E+23
 0.17935900E+26 0.55988196E+23
 0.17852080E+26 0.55522988E+23
 0.17768525E+26 0.55061392E+23
 0.17685249E+26 0.54603381E+23
 0.17602243E+26 0.54148932E+23
 0.17519509E+26 0.53698019E+23
 0.17437046E+26 0.53250619E+23
 0.17354855E+26 0.52806707E+23
 0.17272936E+26 0.52366259E+23
 0.17191285E+26 0.51929251E+23
 0.17109910E+26 0.51495660E+23
 0.17028804E+26 0.51065460E+23
 0.16947970E+26 0.50638630E+23
 0.16867405E+26 0.50215145E+23
 0.16787115E+26 0.49794982E+23
 0.16707090E+26 0.49378117E+23
 0.16627339E+26 0.48964529E+23
 0.16547858E+26 0.48554193E+23
 0.16468648E+26 0.48147086E+23
 0.16389706E+26 0.47743187E+23
 0.16311039E+26 0.47342473E+23
 0.16232640E+26 0.46944920E+23
 0.16154511E+26 0.46550507E+23
 0.16076651E+26 0.46159211E+23
 0.15999062E+26 0.45771011E+23
 0.15921742E+26 0.45385884E+23
 0.15844690E+26 0.45003808E+23
 0.15767908E+26 0.44624762E+23
 0.15691395E+26 0.44248725E+23
 0.15615153E+26 0.43875674E+23
 0.15539178E+26 0.43505588E+23
 0.15463470E+26 0.43138446E+23
 0.15388032E+26 0.42774227E+23
 0.15312860E+26 0.42412910E+23
 0.15237957E+26 0.42054474E+23
 0.15163323E+26 0.41698899E+23
 0.15088954E+26 0.41346163E+23
 0.15014827E+26 0.40996246E+23
 0.14940996E+26 0.40649128E+23
 0.14867454E+26 0.40304788E+23
 0.14794147E+26 0.39963207E+23
 0.14721112E+26 0.39624364E+23
 0.14648340E+26 0.39288239E+23
 0.14575836E+26 0.38954813E+23
 0.14503594E+26 0.38624066E+23
 0.14431619E+26 0.38295978E+23
 0.14359909E+26 0.37970530E+23
 0.14288461E+26 0.37647703E+23
 0.14217279E+26 0.37327477E+23
 0.14146358E+26 0.37009833E+23
 0.14075701E+26 0.36694752E+23
 0.14005307E+26 0.36382216E+23
 0.13935176E+26 0.36072206E+23
 0.13865307E+26 0.35764702E+23
 0.13795701E+26 0.35459687E+23
 0.13726330E+26 0.35157142E+23
 0.13657251E+26 0.34857049E+23
 0.13588425E+26 0.34559389E+23
 0.13519862E+26 0.34264145E+23
 0.13451559E+26 0.33971299E+23
 0.13383516E+26 0.33680832E+23
 0.13315731E+26 0.33392728E+23
 0.13248206E+26 0.33106967E+23
 0.13180937E+26 0.32823534E+23
 0.13113929E+26 0.32542410E+23
 0.13047176E+26 0.32263578E+23
 0.12980682E+26 0.31987022E+23
 0.12914444E+26 0.31712723E+23
 0.12848464E+26 0.31440665E+23
 0.12782738E+26 0.31170831E+23
 0.12717268E+26 0.30903205E+23
 0.12652055E+26 0.30637769E+23
 0.12587094E+26 0.30374507E+23
 0.12522389E+26 0.30113403E+23
 0.12457937E+26 0.29854441E+23
 0.12393739E+26 0.29597604E+23
 0.12329795E+26 0.29342876E+23
 0.12266101E+26 0.29090241E+23
 0.12202660E+26 0.28839683E+23
 0.12139471E+26 0.28591186E+23
 0.12076533E+26 0.28344736E+23
 0.12013845E+26 0.28100315E+23
 0.11951408E+26 0.27857909E+23
 0.11889221E+26 0.27617502E+23
 0.11827283E+26 0.27379079E+23
 0.11765592E+26 0.27142625E+23
 0.11704151E+26 0.26908124E+23
 0.11642958E+26 0.26675562E+23
 0.11582011E+26 0.26444924E+23
 0.11521312E+26 0.26216194E+23
 0.11460859E+26 0.25989359E+23
 0.11400652E+26 0.25764404E+23
 0.11340689E+26 0.25541314E+23
 0.11280972E+26 0.25320074E+23
 0.11221499E+26 0.25100671E+23
 0.11162269E+26 0.24883091E+23
 0.11103283E+26 0.24667318E+23
 0.11044540E+26 0.24453340E+23
 0.10986038E+26 0.24241142E+23
 0.10927779E+26 0.24030710E+23
 0.10869761E+26 0.23822031E+23
 0.10811983E+26 0.23615091E+23
 0.10754445E+26 0.23409877E+23
 0.10697147E+26 0.23206375E+23
 0.10640088E+26 0.23004571E+23
 0.10583267E+26 0.22804453E+23
 0.10526684E+26 0.22606007E+23
 0.10470339E+26 0.22409220E+23
 0.10414230E+26 0.22214080E+23
 0.10358358E+26 0.22020572E+23
 0.10302722E+26 0.21828685E+23
 0.10247320E+26 0.21638406E+23
 0.10192153E+26 0.21449722E+23
 0.10137221E+26 0.21262621E+23
 0.10082522E+26 0.21077089E+23
 0.10028055E+26 0.20893116E+23
 0.99738212E+25 0.20710688E+23
 0.99198190E+25 0.20529793E+23
 0.98660481E+25 0.20350419E+23
 0.98125077E+25 0.20172554E+23
 0.97591975E+25 0.19996186E+23
 0.97061167E+25 0.19821304E+23
 0.96532649E+25 0.19647895E+23
 0.96006414E+25 0.19475948E+23
 0.95482456E+25 0.19305451E+23
 0.94960770E+25 0.19136393E+23
 0.94441350E+25 0.18968762E+23
 0.93924190E+25 0.18802547E+23
 0.93409284E+25 0.18637737E+23
 0.92896625E+25 0.18474320E+23
 0.92386210E+25 0.18312285E+23
 0.91878030E+25 0.18151621E+23
 0.91372081E+25 0.17992318E+23
 0.90868357E+25 0.17834364E+23
 0.90366850E+25 0.17677749E+23
 0.89867556E+25 0.17522461E+23
 0.89370468E+25 0.17368491E+23
 0.88875581E+25 0.17215827E+23
 0.88382888E+25 0.17064459E+23
 0.87892383E+25 0.16914378E+23
 0.87404060E+25 0.16765571E+23
 0.86917914E+25 0.16618030E+23
 0.86433937E+25 0.16471743E+23
 0.85952125E+25 0.16326701E+23
 0.85472470E+25 0.16182894E+23
 0.84994967E+25 0.16040312E+23
 0.84519609E+25 0.15898945E+23
 0.84046499E+25 0.15758782E+23
 0.83575413E+25 0.15619815E+23
 0.83106455E+25 0.15482034E+23
 0.82639617E+25 0.15345429E+23
 0.82174894E+25 0.15209990E+23
 0.81712280E+25 0.15075708E+23
 0.81251767E+25 0.14942574E+23
 0.80793351E+25 0.14810578E+23
 0.80337025E+25 0.14679711E+23
 0.79882783E+25 0.14549964E+23
 0.79430618E+25 0.14421327E+23
 0.78980524E+25 0.14293792E+23
 0.78532495E+25 0.14167350E+23
 0.78086524E+25 0.14041992E+23
 0.77642606E+25 0.13917708E+23
 0.77200735E+25 0.13794491E+23
 0.76760903E+25 0.13672331E+23
 0.76323104E+25 0.13551220E+23
 0.75887333E+25 0.13431149E+23
 0.75453584E+25 0.13312110E+23
 0.75021850E+25 0.13194093E+23
 0.74592123E+25 0.13077092E+23
 0.74164399E+25 0.12961097E+23
 0.73738670E+25 0.12846100E+23
 0.73314931E+25 0.12732093E+23
 0.72893175E+25 0.12619069E+23
 0.72473396E+25 0.12507017E+23
 0.72055588E+25 0.12395932E+23
 0.71639744E+25 0.12285804E+23
 0.71225858E+25 0.12176626E+23
 0.70813924E+25 0.12068390E+23
 0.70403935E+25 0.11961089E+23
 0.69995879E+25 0.11854714E+23
 0.69589757E+25 0.11749258E+23
 0.69185566E+25 0.11644713E+23
 0.68783295E+25 0.11541072E+23
 0.68382938E+25 0.11438327E+23
 0.67984489E+25 0.11336471E+23
 0.67587940E+25 0.11235496E+23
 0.67193287E+25 0.11135396E+23
 0.66800521E+25 0.11036162E+23
 0.66409638E+25 0.10937788E+23
 0.66020631E+25 0.10840267E+23
 0.65633493E+25 0.10743591E+23
 0.65248218E+25 0.10647753E+23
 0.64864801E+25 0.10552747E+23
 0.64483233E+25 0.10458566E+23
 0.64103510E+25 0.10365202E+23
 0.63725625E+25 0.10272649E+23
 0.63349571E+25 0.10180900E+23
 0.62975343E+25 0.10089948E+23
 0.62602934E+25 0.99997869E+22
 0.62232337E+25 0.99104099E+22
 0.61863547E+25 0.98218104E+22
 0.61496557E+25 0.97339819E+22
 0.61131360E+25 0.96469180E+22
 0.60767952E+25 0.95606122E+22
 0.60406324E+25 0.94750582E+22
 0.60046472E+25 0.93902497E+22
 0.59688388E+25 0.93061805E+22
 0.59332067E+25 0.92228442E+22
 0.58977502E+25 0.91402349E+22
 0.58624687E+25 0.90583463E+22
 0.58273615E+25 0.89771724E+22
 0.57924281E+25 0.88967072E+22
 0.57576679E+25 0.88169447E+22
 0.57230801E+25 0.87378791E+22
 0.56886642E+25 0.86595044E+22
 0.56544196E+25 0.85818148E+22
 0.56203456E+25 0.85048046E+22
 0.55864416E+25 0.84284680E+22
 0.55527070E+25 0.83527993E+22
 0.55191412E+25 0.82777929E+22
 0.54857436E+25 0.82034432E+22
 0.54525134E+25 0.81297447E+22
 0.54194503E+25 0.80566918E+22
 0.53865534E+25 0.79842790E+22
 0.53538222E+25 0.79125010E+22
 0.53212561E+25 0.78413524E+22
 0.52888544E+25 0.77708279E+22
 0.52566167E+25 0.77009221E+22
 0.52245421E+25 0.76316298E+22
 0.51926302E+25 0.75629458E+22
 0.51608803E+25 0.74948649E+22
 0.51292918E+25 0.74273821E+22
 0.50978641E+25 0.73604922E+22
 0.50665967E+25 0.72941902E+22
 0.50354888E+25 0.72284711E+22
 0.50045399E+25 0.71633300E+22
 0.49737493E+25 0.70987619E+22
 0.49431166E+25 0.70347619E+22
 0.49126410E+25 0.69713252E+22
 0.48823220E+25 0.69084470E+22
 0.48521603E+25 0.68461225E+22
 0.48221526E+25 0.67843471E+22
 0.47922997E+25 0.67231160E+22
 0.47626010E+25 0.66624246E+22
 0.47330559E+25 0.66022682E+22
 0.47036637E+25 0.65426424E+22
 0.46744240E+25 0.64835425E+22
 0.46453360E+25 0.64249641E+22
 0.46163993E+25 0.63669026E+22
 0.45876131E+25 0.63093538E+22
 0.45589770E+25 0.62523132E+22
 0.45304903E+25 0.61957764E+22
 0.45021525E+25 0.61397391E+22
 0.44739629E+25 0.60841971E+22
 0.44459210E+25 0.60291461E+22
 0.44180263E+25 0.59745818E+22
 0.43902780E+25 0.59205002E+22
 0.43626756E+25 0.58668970E+22
 0.43352186E+25 0.58137681E+22
 0.43079068E+25 0.57611096E+22
 0.42807269E+25 0.57089172E+22
 0.42537025E+25 0.56571871E+22
 0.42268212E+25 0.56059153E+22
 0.42000824E+25 0.55550977E+22
 0.41734854E+25 0.55047305E+22
 0.41470298E+25 0.54548098E+22
 0.41207149E+25 0.54053318E+22
 0.40945402E+25 0.53562926E+22
 0.40685052E+25 0.53076885E+22
 0.40426091E+25 0.52595157E+22
 0.40168516E+25 0.52117705E+22
 0.39912320E+25 0.51644492E+22
 0.39657497E+25 0.51175481E+22
 0.39404042E+25 0.50710636E+22
 0.39151950E+25 0.50249922E+22
 0.38901214E+25 0.49793302E+22
 0.38651829E+25 0.49340740E+22
 0.38403791E+25 0.48892203E+22
 0.38157092E+25 0.48447654E+22
 0.37911727E+25 0.48007060E+22
 0.37667692E+25 0.47570387E+22
 0.37424980E+25 0.47137599E+22
 0.37183587E+25 0.46708664E+22
 0.36943505E+25 0.46283548E+22
 0.36704731E+25 0.45862219E+22
 0.36467259E+25 0.45444642E+22
 0.36231082E+25 0.45030787E+22
 0.35996197E+25 0.44620619E+22
 0.35762596E+25 0.44214108E+22
 0.35530276E+25 0.43811222E+22
 0.35299230E+25 0.43411928E+22
 0.35069454E+25 0.43016196E+22
 0.34840941E+25 0.42623996E+22
 0.34613687E+25 0.42235295E+22
 0.34387685E+25 0.41850064E+22
 0.34162932E+25 0.41468273E+22
 0.33939421E+25 0.41089891E+22
 0.33717148E+25 0.40714889E+22
 0.33496106E+25 0.40343237E+22
 0.33276291E+25 0.39974907E+22
 0.33057698E+25 0.39609869E+22
 0.32840321E+25 0.39248094E+22
 0.32624154E+25 0.38889554E+22
 0.32409194E+25 0.38534222E+22
 0.32195434E+25 0.38182068E+22
 0.31982870E+25 0.37833065E+22
 0.31771496E+25 0.37487186E+22
 0.31561307E+25 0.37144403E+22
 0.31352298E+25 0.36804689E+22
 0.31144464E+25 0.36468018E+22
 0.30937800E+25 0.36134362E+22
 0.30732300E+25 0.35803696E+22
 0.30527961E+25 0.35475993E+22
 0.30324775E+25 0.35151228E+22
 0.30122739E+25 0.34829374E+22
 0.29921848E+25 0.34510406E+22
 0.29722096E+25 0.34194299E+22
 0.29523479E+25 0.33881028E+22
 0.29325991E+25 0.33570567E+22
 0.29129627E+25 0.33262893E+22
 0.28934383E+25 0.32957981E+22
 0.28740254E+25 0.32655806E+22
 0.28547234E+25 0.32356345E+22
 0.28355319E+25 0.32059573E+22
 0.28164504E+25 0.31765468E+22
 0.27974784E+25 0.31474005E+22
 0.27786153E+25 0.31185162E+22
 0.27598608E+25 0.30898916E+22
 0.27412143E+25 0.30615242E+22
 0.27226754E+25 0.30334120E+22
 0.27042435E+25 0.30055527E+22
 0.26859183E+25 0.29779440E+22
 0.26676991E+25 0.29505837E+22
 0.26495856E+25 0.29234697E+22
 0.26315772E+25 0.28965997E+22
 0.26136735E+25 0.28699717E+22
 0.25958740E+25 0.28435834E+22
 0.25781782E+25 0.28174328E+22
 0.25605857E+25 0.27915179E+22
 0.25430960E+25 0.27658364E+22
 0.25257086E+25 0.27403864E+22
 0.25084230E+25 0.27151657E+22
 0.24912388E+25 0.26901725E+22
 0.24741556E+25 0.26654047E+22
 0.24571728E+25 0.26408602E+22
 0.24402901E+25 0.26165371E+22
 0.24235069E+25 0.25924335E+22
 0.24068227E+25 0.25685475E+22
 0.23902372E+25 0.25448770E+22
 0.23737499E+25 0.25214202E+22
 0.23573603E+25 0.24981753E+22
 0.23410679E+25 0.24751402E+22
 0.23248767E+25 0.24523132E+22
 0.23087774E+25 0.24296925E+22
 0.22927742E+25 0.24072762E+22
 0.22768663E+25 0.23850625E+22
 0.22610535E+25 0.23630495E+22
 0.22453353E+25 0.23412357E+22
 0.22297112E+25 0.23196190E+22
 0.22141808E+25 0.22981979E+22
 0.21987436E+25 0.22769706E+22
 0.21833993E+25 0.22559353E+22
 0.21681473E+25 0.22350904E+22
 0.21529873E+25 0.22144342E+22
 0.21379187E+25 0.21939650E+22
 0.21229413E+25 0.21736811E+22
 0.21080544E+25 0.21535810E+22
 0.20932578E+25 0.21336629E+22
 0.20785510E+25 0.21139252E+22
 0.20639335E+25 0.20943664E+22
 0.20494049E+25 0.20749848E+22
 0.20349648E+25 0.20557790E+22
 0.20206127E+25 0.20367472E+22
 0.20063484E+25 0.20178881E+22
 0.19921712E+25 0.19991999E+22
 0.19780808E+25 0.19806813E+22
 0.19640769E+25 0.19623308E+22
 0.19501588E+25 0.19441467E+22
 0.19363264E+25 0.19261276E+22
 0.19225791E+25 0.19082722E+22
 0.19089165E+25 0.18905788E+22
 0.18953382E+25 0.18730461E+22
 0.18818430E+25 0.18556727E+22
 0.18684321E+25 0.18384571E+22
 0.18551043E+25 0.18213978E+22
 0.18418591E+25 0.18044936E+22
 0.18286962E+25 0.17877431E+22
 0.18156152E+25 0.17711448E+22
 0.18026156E+25 0.17546974E+22
 0.17896970E+25 0.17383996E+22
 0.17768592E+25 0.17222500E+22
 0.17641015E+25 0.17062473E+22
 0.17514237E+25 0.16903902E+22
 0.17388254E+25 0.16746774E+22
 0.17263062E+25 0.16591076E+22
 0.17138656E+25 0.16436795E+22
 0.17015033E+25 0.16283919E+22
 0.16892188E+25 0.16132435E+22
 0.16770119E+25 0.15982331E+22
 0.16648820E+25 0.15833594E+22
 0.16528289E+25 0.15686213E+22
 0.16408521E+25 0.15540174E+22
 0.16289512E+25 0.15395466E+22
 0.16171259E+25 0.15252077E+22
 0.16053758E+25 0.15109996E+22
 0.15937004E+25 0.14969210E+22
 0.15820995E+25 0.14829708E+22
 0.15705726E+25 0.14691478E+22
 0.15591194E+25 0.14554510E+22
 0.15477394E+25 0.14418791E+22
 0.15364324E+25 0.14284311E+22
 0.15251978E+25 0.14151058E+22
 0.15140355E+25 0.14019022E+22
 0.15029449E+25 0.13888192E+22
 0.14919257E+25 0.13758556E+22
 0.14809775E+25 0.13630104E+22
 0.14701001E+25 0.13502826E+22
 0.14592929E+25 0.13376711E+22
 0.14485557E+25 0.13251749E+22
 0.14378881E+25 0.13127928E+22
 0.14272897E+25 0.13005239E+22
 0.14167602E+25 0.12883673E+22
 0.14062991E+25 0.12763217E+22
 0.13959062E+25 0.12643864E+22
 0.13855810E+25 0.12525602E+22
 0.13753233E+25 0.12408423E+22
 0.13651326E+25 0.12292315E+22
 0.13550087E+25 0.12177271E+22
 0.13449511E+25 0.12063279E+22
 0.13349595E+25 0.11950331E+22
 0.13250336E+25 0.11838417E+22
 0.13151729E+25 0.11727529E+22
 0.13053773E+25 0.11617656E+22
 0.12956462E+25 0.11508789E+22
 0.12859794E+25 0.11400920E+22
 0.12763765E+25 0.11294040E+22
 0.12668372E+25 0.11188139E+22
 0.12573612E+25 0.11083209E+22
 0.12479480E+25 0.10979242E+22
 0.12385973E+25 0.10876227E+22
 0.12293089E+25 0.10774158E+22
 0.12200829E+25 0.10673025E+22
 0.12109178E+25 0.10572819E+22
 0.12018141E+25 0.10473534E+22
 0.11927711E+25 0.10375159E+22
 0.11837887E+25 0.10277688E+22
 0.11748666E+25 0.10181112E+22
 0.11660043E+25 0.10085422E+22
 0.11572015E+25 0.99906111E+21
 0.11484580E+25 0.98966712E+21
 0.11397733E+25 0.98035943E+21
 0.11311473E+25 0.97113727E+21
 0.11225795E+25 0.96199987E+21
 0.11140696E+25 0.95294645E+21
 0.11056173E+25 0.94397626E+21
 0.10972223E+25 0.93508856E+21
 0.10888842E+25 0.92628259E+21
 0.10806028E+25 0.91755761E+21
 0.10723777E+25 0.90891290E+21
 0.10642086E+25 0.90034773E+21
 0.10560952E+25 0.89186138E+21
 0.10480373E+25 0.88345314E+21
 0.10400343E+25 0.87512230E+21
 0.10320857E+25 0.86686816E+21
 0.10241920E+25 0.85869004E+21
 0.10163524E+25 0.85058723E+21
 0.10085667E+25 0.84255906E+21
 0.10008345E+25 0.83460486E+21
 0.99315549E+24 0.82672395E+21
 0.98552942E+24 0.81891567E+21
 0.97795596E+24 0.81117937E+21
 0.97043481E+24 0.80351439E+21
 0.96296568E+24 0.79592009E+21
 0.95554826E+24 0.78839583E+21
 0.94818226E+24 0.78094097E+21
 0.94086737E+24 0.77355488E+21
 0.93360331E+24 0.76623694E+21
 0.92638978E+24 0.75898654E+21
 0.91922650E+24 0.75180306E+21
 0.91211315E+24 0.74468589E+21
 0.90504945E+24 0.73763444E+21
 0.89803512E+24 0.73064811E+21
 0.89106985E+24 0.72372630E+21
 0.88415338E+24 0.71686843E+21
 0.87728541E+24 0.71007393E+21
 0.87046565E+24 0.70334221E+21
 0.86369383E+24 0.69667271E+21
 0.85696965E+24 0.69006486E+21
 0.85029284E+24 0.68351811E+21
 0.84366311E+24 0.67703189E+21
 0.83708019E+24 0.67060567E+21
 0.83054380E+24 0.66423888E+21
 0.82405366E+24 0.65793100E+21
 0.81760950E+24 0.65168149E+21
 0.81121104E+24 0.64548982E+21
 0.80485801E+24 0.63935546E+21
 0.79855013E+24 0.63327789E+21
 0.79228714E+24 0.62725660E+21
 0.78606876E+24 0.62129107E+21
 0.77989472E+24 0.61538080E+21
 0.77376476E+24 0.60952529E+21
 0.76767861E+24 0.60372403E+21
 0.76163601E+24 0.59797654E+21
 0.75563669E+24 0.59228232E+21
 0.74968038E+24 0.58664088E+21
 0.74376683E+24 0.58105176E+21
 0.73789577E+24 0.57551447E+21
 0.73206695E+24 0.57002854E+21
 0.72628011E+24 0.56459351E+21
 0.72053498E+24 0.55920890E+21
 0.71483131E+24 0.55387427E+21
 0.70916885E+24 0.54858915E+21
 0.70354734E+24 0.54335309E+21
 0.69796653E+24 0.53816566E+21
 0.69242617E+24 0.53302639E+21
 0.68692505E+24 0.52793487E+21
 0.68146484E+24 0.52289064E+21
 0.67604433E+24 0.51789328E+21
 0.67066327E+24 0.51294236E+21
 0.66532141E+24 0.50803746E+21
 0.66001851E+24 0.50317816E+21
 0.65475433E+24 0.49836405E+21
 0.64952863E+24 0.49359470E+21
 0.64434115E+24 0.48886971E+21
 0.63919166E+24 0.48418868E+21
 0.63407993E+24 0.47955121E+21
 0.62900570E+24 0.47495690E+21
 0.62396875E+24 0.47040534E+21
 0.61896884E+24 0.46589617E+21
 0.61400574E+24 0.46142898E+21
 0.60907920E+24 0.45700339E+21
 0.60418900E+24 0.45261902E+21
 0.59933490E+24 0.44827550E+21
 0.59451668E+24 0.44397246E+21
 0.58973410E+24 0.43970952E+21
 0.58498694E+24 0.43548631E+21
 0.58027497E+24 0.43130248E+21
 0.57559796E+24 0.42715766E+21
 0.57095568E+24 0.42305150E+21
 0.56634792E+24 0.41898364E+21
 0.56177445E+24 0.41495374E+21
 0.55723504E+24 0.41096144E+21
 0.55272949E+24 0.40700640E+21
 0.54825756E+24 0.40308828E+21
 0.54381903E+24 0.39920675E+21
 0.53941370E+24 0.39536146E+21
 0.53504134E+24 0.39155209E+21
 0.53070174E+24 0.38777831E+21
 0.52639469E+24 0.38403978E+21
 0.52211996E+24 0.38033620E+21
 0.51787736E+24 0.37666723E+21
 0.51366666E+24 0.37303257E+21
 0.50948765E+24 0.36943189E+21
 0.50534014E+24 0.36586489E+21
 0.50122390E+24 0.36233125E+21
 0.49713874E+24 0.35883068E+21
 0.49308444E+24 0.35536286E+21
 0.48906081E+24 0.35192750E+21
 0.48506763E+24 0.34852430E+21
 0.48110471E+24 0.34515297E+21
 0.47717184E+24 0.34181321E+21
 0.47326882E+24 0.33850473E+21
 0.46939546E+24 0.33522724E+21
 0.46555155E+24 0.33198047E+21
 0.46173689E+24 0.32876413E+21
 0.45795130E+24 0.32557794E+21
 0.45419457E+24 0.32242162E+21
 0.45046651E+24 0.31929490E+21
 0.44676693E+24 0.31619751E+21
 0.44309563E+24 0.31312917E+21
 0.43945242E+24 0.31008963E+21
 0.43583711E+24 0.30707862E+21
 0.43224952E+24 0.30409586E+21
 0.42868945E+24 0.30114112E+21
 0.42515672E+24 0.29821412E+21
 0.42165114E+24 0.29531461E+21
 0.41817252E+24 0.29244234E+21
 0.41472068E+24 0.28959706E+21
 0.41129544E+24 0.28677852E+21
 0.40789662E+24 0.28398648E+21
 0.40452402E+24 0.28122069E+21
 0.40117749E+24 0.27848091E+21
 0.39785682E+24 0.27576689E+21
 0.39456185E+24 0.27307842E+21
 0.39129239E+24 0.27041523E+21
 0.38804828E+24 0.26777712E+21
 0.38482933E+24 0.26516384E+21
 0.38163538E+24 0.26257516E+21
 0.37846624E+24 0.26001087E+21
 0.37532174E+24 0.25747073E+21
 0.37220172E+24 0.25495452E+21
 0.36910600E+24 0.25246202E+21
 0.36603442E+24 0.24999302E+21
 0.36298679E+24 0.24754729E+21
 0.35996297E+24 0.24512462E+21
 0.35696277E+24 0.24272481E+21
 0.35398604E+24 0.24034763E+21
 0.35103261E+24 0.23799289E+21
 0.34810231E+24 0.23566036E+21
 0.34519498E+24 0.23334986E+21
 0.34231046E+24 0.23106117E+21
 0.33944859E+24 0.22879409E+21
 0.33660921E+24 0.22654843E+21
 0.33379215E+24 0.22432399E+21
 0.33099727E+24 0.22212056E+21
 0.32822445E+24 0.21993797E+21
 0.32547344E+24 0.21777600E+21
 0.32274413E+24 0.21563449E+21
 0.32003636E+24 0.21351322E+21
 0.31734998E+24 0.21141203E+21
 0.31468485E+24 0.20933072E+21
 0.31204079E+24 0.20726910E+21
 0.30941768E+24 0.20522701E+21
 0.30681535E+24 0.20320425E+21
 0.30423366E+24 0.20120065E+21
 0.30167245E+24 0.19921603E+21
 0.29913159E+24 0.19725021E+21
 0.29661091E+24 0.19530303E+21
 0.29411029E+24 0.19337431E+21
 0.29162957E+24 0.19146387E+21
 0.28916861E+24 0.18957155E+21
 0.28672726E+24 0.18769719E+21
 0.28430539E+24 0.18584061E+21
 0.28190285E+24 0.18400165E+21
 0.27951950E+24 0.18218015E+21
 0.27715418E+24 0.18037594E+21
 0.27480880E+24 0.17858887E+21
 0.27248220E+24 0.17681878E+21
 0.27017423E+24 0.17506551E+21
 0.26788575E+24 0.17332890E+21
 0.26561464E+24 0.17160880E+21
 0.26336177E+24 0.16990506E+21
 0.26112699E+24 0.16821752E+21
 0.25891017E+24 0.16654604E+21
 0.25671119E+24 0.16489046E+21
 0.25452990E+24 0.16325064E+21
 0.25236619E+24 0.16162644E+21
 0.25021992E+24 0.16001770E+21
 0.24809096E+24 0.15842429E+21
 0.24597918E+24 0.15684606E+21
 0.24388446E+24 0.15528287E+21
 0.24180667E+24 0.15373458E+21
 0.23974568E+24 0.15220105E+21
 0.23770137E+24 0.15068215E+21
 0.23567361E+24 0.14917774E+21
 0.23366229E+24 0.14768769E+21
 0.23166728E+24 0.14621186E+21
 0.22968845E+24 0.14475012E+21
 0.22772569E+24 0.14330234E+21
 0.22577888E+24 0.14186838E+21
 0.22384789E+24 0.14044813E+21
 0.22193261E+24 0.13904146E+21
 0.22003292E+24 0.13764823E+21
 0.21814871E+24 0.13626832E+21
 0.21627985E+24 0.13490161E+21
 0.21442623E+24 0.13354798E+21
 0.21258774E+24 0.13220731E+21
 0.21076426E+24 0.13087946E+21
 0.20895568E+24 0.12956433E+21
 0.20716189E+24 0.12826180E+21
 0.20538277E+24 0.12697175E+21
 0.20361821E+24 0.12569406E+21
 0.20186811E+24 0.12442861E+21
 0.20013235E+24 0.12317530E+21
 0.19841082E+24 0.12193401E+21
 0.19670343E+24 0.12070463E+21
 0.19501004E+24 0.11948705E+21
 0.19333058E+24 0.11828115E+21
 0.19166491E+24 0.11708684E+21
 0.19001295E+24 0.11590399E+21
 0.18837458E+24 0.11473251E+21
 0.18674971E+24 0.11357228E+21
 0.18513822E+24 0.11242321E+21
 0.18354002E+24 0.11128519E+21
 0.18195500E+24 0.11015811E+21
 0.18038306E+24 0.10904188E+21
 0.17882411E+24 0.10793639E+21
 0.17727804E+24 0.10684154E+21
 0.17574475E+24 0.10575724E+21
 0.17422415E+24 0.10468338E+21
 0.17271613E+24 0.10361987E+21
 0.17122060E+24 0.10256660E+21
 0.16973746E+24 0.10152349E+21
 0.16826663E+24 0.10049045E+21
 0.16680799E+24 0.99467363E+20
 0.16536146E+24 0.98454153E+20
 0.16392695E+24 0.97450724E+20
 0.16250435E+24 0.96456983E+20
 0.16109358E+24 0.95472841E+20
 0.15969455E+24 0.94498207E+20
 0.15830716E+24 0.93532993E+20
 0.15693133E+24 0.92577111E+20
 0.15556695E+24 0.91630472E+20
 0.15421396E+24 0.90692992E+20
 0.15287224E+24 0.89764583E+20
 0.15154173E+24 0.88845162E+20
 0.15022232E+24 0.87934643E+20
 0.14891394E+24 0.87032944E+20
 0.14761649E+24 0.86139982E+20
 0.14632989E+24 0.85255675E+20
 0.14505406E+24 0.84379942E+20
 0.14378890E+24 0.83512695E+20
 0.14253435E+24 0.82653870E+20
 0.14129030E+24 0.81803380E+20
 0.14005669E+24 0.80961148E+20
 0.13883343E+24 0.80127094E+20
 0.13762043E+24 0.79301144E+20
 0.13641761E+24 0.78483221E+20
 0.13522490E+24 0.77673249E+20
 0.13404222E+24 0.76871154E+20
 0.13286948E+24 0.76076863E+20
 0.13170661E+24 0.75290301E+20
 0.13055352E+24 0.74511396E+20
 0.12941015E+24 0.73740077E+20
 0.12827641E+24 0.72976271E+20
 0.12715223E+24 0.72219909E+20
 0.12603753E+24 0.71470921E+20
 0.12493223E+24 0.70729237E+20
 0.12383627E+24 0.69994789E+20
 0.12274956E+24 0.69267508E+20
 0.12167203E+24 0.68547327E+20
 0.12060362E+24 0.67834179E+20
 0.11954424E+24 0.67127999E+20
 0.11849382E+24 0.66428721E+20
 0.11745230E+24 0.65736279E+20
 0.11641959E+24 0.65050610E+20
 0.11539564E+24 0.64371649E+20
 0.11438037E+24 0.63699334E+20
 0.11337371E+24 0.63033601E+20
 0.11237559E+24 0.62374390E+20
 0.11138595E+24 0.61721638E+20
 0.11040471E+24 0.61075285E+20
 0.10943180E+24 0.60435269E+20
 0.10846717E+24 0.59801533E+20
 0.10751074E+24 0.59174016E+20
 0.10656245E+24 0.58552659E+20
 0.10562223E+24 0.57937406E+20
 0.10469001E+24 0.57328197E+20
 0.10376574E+24 0.56724976E+20
 0.10284935E+24 0.56127687E+20
 0.10194076E+24 0.55536273E+20
 0.10103993E+24 0.54950679E+20
 0.10014679E+24 0.54370850E+20
 0.99261272E+23 0.53796732E+20
 0.98383317E+23 0.53228271E+20
 0.97512864E+23 0.52665413E+20
 0.96649852E+23 0.52108105E+20
 0.95794220E+23 0.51556295E+20
 0.94945910E+23 0.51009931E+20
 0.94104859E+23 0.50468961E+20
 0.93271011E+23 0.49933335E+20
 0.92444306E+23 0.49403001E+20
 0.91624685E+23 0.48877910E+20
 0.90812091E+23 0.48358012E+20
 0.90006467E+23 0.47843258E+20
 0.89207949E+23 0.47333599E+20
 0.88416091E+23 0.46828988E+20
 0.87631033E+23 0.46329375E+20
 0.86852719E+23 0.45834714E+20
 0.86081095E+23 0.45344958E+20
 0.85316104E+23 0.44860060E+20
 0.84557693E+23 0.44379975E+20
 0.83805807E+23 0.43904656E+20
 0.83060394E+23 0.43434059E+20
 0.82321399E+23 0.42968139E+20
 0.81588770E+23 0.42506851E+20
 0.80862455E+23 0.42050151E+20
 0.80142402E+23 0.41597997E+20
 0.79428554E+23 0.41150343E+20
 0.78720870E+23 0.40707149E+20
 0.78019293E+23 0.40268371E+20
 0.77323774E+23 0.39833968E+20
 0.76634262E+23 0.39403898E+20
 0.75950709E+23 0.38978120E+20
 0.75273064E+23 0.38556593E+20
 0.74601278E+23 0.38139276E+20
 0.73935304E+23 0.37726130E+20
 0.73275093E+23 0.37317115E+20
 0.72620598E+23 0.36912191E+20
 0.71971770E+23 0.36511320E+20
 0.71328563E+23 0.36114464E+20
 0.70690931E+23 0.35721583E+20
 0.70058826E+23 0.35332640E+20
 0.69432204E+23 0.34947597E+20
 0.68811015E+23 0.34566418E+20
 0.68195220E+23 0.34189065E+20
 0.67584771E+23 0.33815501E+20
 0.66979624E+23 0.33445692E+20
 0.66379735E+23 0.33079601E+20
 0.65785059E+23 0.32717192E+20
 0.65195553E+23 0.32358431E+20
 0.64611175E+23 0.32003282E+20
 0.64031880E+23 0.31651712E+20
 0.63457628E+23 0.31303685E+20
 0.62888375E+23 0.30959168E+20
 0.62324079E+23 0.30618128E+20
 0.61764700E+23 0.30280531E+20
 0.61210197E+23 0.29946355E+20
 0.60660527E+23 0.29615546E+20
 0.60115651E+23 0.29288083E+20
 0.59575529E+23 0.28963933E+20
 0.59040120E+23 0.28643065E+20
 0.58509385E+23 0.28325447E+20
 0.57983285E+23 0.28011049E+20
 0.57461781E+23 0.27699839E+20
 0.56944834E+23 0.27391786E+20
 0.56432406E+23 0.27086862E+20
 0.55924459E+23 0.26785028E+20
 0.55420954E+23 0.26486269E+20
 0.54921856E+23 0.26190549E+20
 0.54427126E+23 0.25897838E+20
 0.53936728E+23 0.25608107E+20
 0.53450624E+23 0.25321328E+20
 0.52968780E+23 0.25037473E+20
 0.52491159E+23 0.24756513E+20
 0.52017725E+23 0.24478421E+20
 0.51548442E+23 0.24203169E+20
 0.51083277E+23 0.23930730E+20
 0.50622193E+23 0.23661077E+20
 0.50165157E+23 0.23394183E+20
 0.49712133E+23 0.23130022E+20
 0.49263089E+23 0.22868566E+20
 0.48817990E+23 0.22609791E+20
 0.48376803E+23 0.22353670E+20
 0.47939495E+23 0.22100177E+20
 0.47506032E+23 0.21849289E+20
 0.47076382E+23 0.21600978E+20
 0.46650513E+23 0.21355221E+20
 0.46228393E+23 0.21111993E+20
 0.45809989E+23 0.20871270E+20
 0.45395271E+23 0.20633026E+20
 0.44984206E+23 0.20397240E+20
 0.44576764E+23 0.20163886E+20
 0.44172913E+23 0.19932941E+20
 0.43772624E+23 0.19704383E+20
 0.43375865E+23 0.19478187E+20
 0.42982607E+23 0.19254332E+20
 0.42592820E+23 0.19032794E+20
 0.42206474E+23 0.18813551E+20
 0.41823539E+23 0.18596581E+20
 0.41443987E+23 0.18381863E+20
 0.41067789E+23 0.18169373E+20
 0.40694916E+23 0.17959091E+20
 0.40325340E+23 0.17750995E+20
 0.39959032E+23 0.17545063E+20
 0.39595964E+23 0.17341276E+20
 0.39236109E+23 0.17139613E+20
 0.38879438E+23 0.16940052E+20
 0.38525926E+23 0.16742573E+20
 0.38175545E+23 0.16547156E+20
 0.37828267E+23 0.16353782E+20
 0.37484066E+23 0.16162429E+20
 0.37142916E+23 0.15973080E+20
 0.36804791E+23 0.15785712E+20
 0.36469665E+23 0.15600310E+20
 0.36137511E+23 0.15416852E+20
 0.35808304E+23 0.15235320E+20
 0.35482020E+23 0.15055695E+20
 0.35158632E+23 0.14877959E+20
 0.34838116E+23 0.14702093E+20
 0.34520447E+23 0.14528079E+20
 0.34205600E+23 0.14355900E+20
 0.33893552E+23 0.14185536E+20
 0.33584278E+23 0.14016970E+20
 0.33277754E+23 0.13850186E+20
 0.32973957E+23 0.13685165E+20
 0.32672862E+23 0.13521890E+20
 0.32374447E+23 0.13360345E+20
 0.32078688E+23 0.13200512E+20
 0.31785563E+23 0.13042376E+20
 0.31495049E+23 0.12885918E+20
 0.31207122E+23 0.12731123E+20
 0.30921761E+23 0.12577974E+20
 0.30638944E+23 0.12426437E+20
 0.30358649E+23 0.12276533E+20
 0.30080853E+23 0.12128228E+20
 0.29805535E+23 0.11981506E+20
 0.29532673E+23 0.11836350E+20
 0.29262247E+23 0.11692747E+20
 0.28994235E+23 0.11550681E+20
 0.28728616E+23 0.11410137E+20
 0.28465369E+23 0.11271100E+20
 0.28204475E+23 0.11133554E+20
 0.27945911E+23 0.10997486E+20
 0.27689659E+23 0.10862881E+20
 0.27435698E+23 0.10729725E+20
 0.27184008E+23 0.10598000E+20
 0.26934569E+23 0.10467698E+20
 0.26687362E+23 0.10338803E+20
 0.26442368E+23 0.10211300E+20
 0.26199566E+23 0.10085175E+20
 0.25958939E+23 0.99604159E+19
 0.25720466E+23 0.98370083E+19
 0.25484130E+23 0.97149391E+19
 0.25249912E+23 0.95941950E+19
 0.25017793E+23 0.94747631E+19
 0.24787755E+23 0.93566304E+19
 0.24559779E+23 0.92397840E+19
 0.24333850E+23 0.91242113E+19
 0.24109946E+23 0.90098996E+19
 0.23888051E+23 0.88968365E+19
 0.23668148E+23 0.87850097E+19
 0.23450219E+23 0.86744069E+19
 0.23234247E+23 0.85650161E+19
 0.23020215E+23 0.84568252E+19
 0.22808106E+23 0.83498223E+19
 0.22597903E+23 0.82439957E+19
 0.22389590E+23 0.81393338E+19
 0.22183149E+23 0.80358249E+19
 0.21978564E+23 0.79334576E+19
 0.21775820E+23 0.78322206E+19
 0.21574900E+23 0.77321027E+19
 0.21375788E+23 0.76330948E+19
 0.21178468E+23 0.75351799E+19
 0.20982924E+23 0.74383548E+19
 0.20789142E+23 0.73426013E+19
 0.20597105E+23 0.72479142E+19
 0.20406798E+23 0.71542810E+19
 0.20218206E+23 0.70617037E+19
 0.20031314E+23 0.69701469E+19
 0.19846106E+23 0.68796006E+19
 0.19662569E+23 0.67900912E+19
 0.19480688E+23 0.67015721E+19
 0.19300447E+23 0.66140454E+19
 0.19121832E+23 0.65274898E+19
 0.18944830E+23 0.64419297E+19
 0.18769426E+23 0.63573212E+19
 0.18595605E+23 0.62736649E+19
 0.18423355E+23 0.61909534E+19
 0.18252661E+23 0.61091762E+19
 0.18083509E+23 0.60283240E+19
 0.17915885E+23 0.59483874E+19
 0.17749777E+23 0.58693573E+19
 0.17585171E+23 0.57912244E+19
 0.17422055E+23 0.57139799E+19
 0.17260413E+23 0.56376149E+19
 0.17100234E+23 0.55621204E+19
 0.16941504E+23 0.54874878E+19
 0.16784211E+23 0.54137082E+19
 0.16628343E+23 0.53407647E+19
 0.16473886E+23 0.52686751E+19
 0.16320828E+23 0.51974036E+19
 0.16169156E+23 0.51269512E+19
 0.16018860E+23 0.50573089E+19
 0.15869925E+23 0.49884708E+19
 0.15722341E+23 0.49204262E+19
 0.15576095E+23 0.48531692E+19
 0.15431175E+23 0.47866897E+19
 0.15287570E+23 0.47209820E+19
 0.15145268E+23 0.46560361E+19
 0.15004258E+23 0.45918458E+19
 0.14864527E+23 0.45284041E+19
 0.14726066E+23 0.44657011E+19
 0.14588862E+23 0.44037305E+19
 0.14452904E+23 0.43424848E+19
 0.14318181E+23 0.42819565E+19
 0.14184683E+23 0.42221374E+19
 0.14052398E+23 0.41630233E+19
 0.13921316E+23 0.41046040E+19
 0.13791425E+23 0.40468723E+19
 0.13662717E+23 0.39898241E+19
 0.13535179E+23 0.39334497E+19
 0.13408801E+23 0.38777430E+19
 0.13283574E+23 0.38226972E+19
 0.13159486E+23 0.37683048E+19
 0.13036529E+23 0.37145605E+19
 0.12914691E+23 0.36614571E+19
 0.12793963E+23 0.36089879E+19
 0.12674335E+23 0.35571464E+19
 0.12555797E+23 0.35059260E+19
 0.12438339E+23 0.34553205E+19
 0.12321953E+23 0.34053242E+19
 0.12206627E+23 0.33559287E+19
 0.12092354E+23 0.33071305E+19
 0.11979122E+23 0.32589215E+19
 0.11866924E+23 0.32112963E+19
 0.11755750E+23 0.31642488E+19
 0.11645591E+23 0.31177730E+19
 0.11536437E+23 0.30718631E+19
 0.11428280E+23 0.30265128E+19
 0.11321111E+23 0.29817172E+19
 0.11214922E+23 0.29374697E+19
 0.11109702E+23 0.28937654E+19
 0.11005444E+23 0.28505971E+19
 0.10902139E+23 0.28079614E+19
 0.10799779E+23 0.27658511E+19
 0.10698355E+23 0.27242605E+19
 0.10597858E+23 0.26831857E+19
 0.10498281E+23 0.26426205E+19
 0.10399615E+23 0.26025595E+19
 0.10301853E+23 0.25629982E+19
 0.10204985E+23 0.25239301E+19
 0.10109004E+23 0.24853507E+19
 0.10013903E+23 0.24472548E+19
 0.99196720E+22 0.24096373E+19
 0.98263049E+22 0.23724924E+19
 0.97337934E+22 0.23358168E+19
 0.96421298E+22 0.22996054E+19
 0.95513066E+22 0.22638511E+19
 0.94613163E+22 0.22285521E+19
 0.93721513E+22 0.21937014E+19
 0.92838044E+22 0.21592949E+19
 0.91962680E+22 0.21253280E+19
 0.91095350E+22 0.20917960E+19
 0.90235982E+22 0.20586942E+19
 0.89384504E+22 0.20260182E+19
 0.88540845E+22 0.19937627E+19
 0.87704936E+22 0.19619246E+19
 0.86876706E+22 0.19304989E+19
 0.86056086E+22 0.18994810E+19
 0.85243009E+22 0.18688667E+19
 0.84437406E+22 0.18386516E+19
 0.83639210E+22 0.18088319E+19
 0.82848355E+22 0.17794021E+19
 0.82064775E+22 0.17503593E+19
 0.81288403E+22 0.17216990E+19
 0.80519177E+22 0.16934169E+19
 0.79757038E+22 0.16655091E+19
 0.79001907E+22 0.16379716E+19
 0.78253730E+22 0.16108002E+19
 0.77512443E+22 0.15839912E+19
 0.76777985E+22 0.15575405E+19
 0.76050294E+22 0.15314443E+19
 0.75329309E+22 0.15056987E+19
 0.74614970E+22 0.14803001E+19
 0.73907216E+22 0.14552445E+19
 0.73205989E+22 0.14305283E+19
 0.72511230E+22 0.14061477E+19
 0.71822880E+22 0.13820993E+19
 0.71140881E+22 0.13583791E+19
 0.70465176E+22 0.13349838E+19
 0.69795709E+22 0.13119097E+19
 0.69132423E+22 0.12891534E+19
 0.68475263E+22 0.12667112E+19
 0.67824172E+22 0.12445799E+19
 0.67179096E+22 0.12227561E+19
 0.66539982E+22 0.12012361E+19
 0.65906774E+22 0.11800168E+19
 0.65279420E+22 0.11590948E+19
 0.64657866E+22 0.11384670E+19
 0.64042061E+22 0.11181296E+19
 0.63431953E+22 0.10980799E+19
 0.62827489E+22 0.10783145E+19
 0.62228619E+22 0.10588303E+19
 0.61635292E+22 0.10396241E+19
 0.61047458E+22 0.10206929E+19
 0.60465067E+22 0.10020335E+19
 0.59888071E+22 0.98364297E+18
 0.59316419E+22 0.96551818E+18
 0.58750065E+22 0.94765620E+18
 0.58188959E+22 0.93005405E+18
 0.57633044E+22 0.91270881E+18
 0.57082294E+22 0.89561758E+18
 0.56536651E+22 0.87877748E+18
 0.55996070E+22 0.86218564E+18
 0.55460504E+22 0.84583913E+18
 0.54929907E+22 0.82973542E+18
 0.54404235E+22 0.81387159E+18
 0.53883444E+22 0.79824491E+18
 0.53367488E+22 0.78285243E+18
 0.52856324E+22 0.76769214E+18
 0.52349909E+22 0.75276071E+18
 0.51848199E+22 0.73805572E+18
 0.51351151E+22 0.72357456E+18
 0.50858724E+22 0.70931463E+18
 0.50370875E+22 0.69527336E+18
 0.49887563E+22 0.68144823E+18
 0.49408746E+22 0.66783652E+18
 0.48934384E+22 0.65443613E+18
 0.48464436E+22 0.64124439E+18
 0.47998862E+22 0.62825885E+18
 0.47537622E+22 0.61547710E+18
 0.47080677E+22 0.60289673E+18
 0.46627988E+22 0.59051538E+18
 0.46179517E+22 0.57833067E+18
 0.45735224E+22 0.56634029E+18
 0.45295072E+22 0.55454193E+18
 0.44859022E+22 0.54293329E+18
 0.44427038E+22 0.53151213E+18
 0.43999082E+22 0.52027616E+18
 0.43575119E+22 0.50922319E+18
 0.43155111E+22 0.49835099E+18
 0.42739022E+22 0.48765740E+18
 0.42326817E+22 0.47714026E+18
 0.41918461E+22 0.46679742E+18
 0.41513917E+22 0.45662676E+18
 0.41113153E+22 0.44662618E+18
 0.40716132E+22 0.43679360E+18
 0.40322821E+22 0.42712695E+18
 0.39933187E+22 0.41762420E+18
 0.39547194E+22 0.40828332E+18
 0.39164812E+22 0.39910231E+18
 0.38786005E+22 0.39007924E+18
 0.38410742E+22 0.38121201E+18
 0.38038991E+22 0.37249876E+18
 0.37670718E+22 0.36393755E+18
 0.37305894E+22 0.35552645E+18
 0.36944485E+22 0.34726359E+18
 0.36586461E+22 0.33914708E+18
 0.36231791E+22 0.33117506E+18
 0.35880444E+22 0.32334569E+18
 0.35532389E+22 0.31565715E+18
 0.35187598E+22 0.30810763E+18
 0.34846039E+22 0.30069533E+18
 0.34507684E+22 0.29341849E+18
 0.34172502E+22 0.28627534E+18
 0.33840466E+22 0.27926415E+18
 0.33511545E+22 0.27238319E+18
 0.33185712E+22 0.26563075E+18
 0.32862939E+22 0.25900512E+18
 0.32543197E+22 0.25250465E+18
 0.32226458E+22 0.24612766E+18
 0.31912695E+22 0.23987264E+18
 0.31601881E+22 0.23373769E+18
 0.31293989E+22 0.22772134E+18
 0.30988992E+22 0.22182196E+18
 0.30686863E+22 0.21603799E+18
 0.30387577E+22 0.21036785E+18
 0.30091106E+22 0.20480997E+18
 0.29797426E+22 0.19936282E+18
 0.29506510E+22 0.19402486E+18
 0.29218334E+22 0.18879459E+18
 0.28932872E+22 0.18367049E+18
 0.28650103E+22 0.17865109E+18
 0.28369994E+22 0.17373490E+18
 0.28092526E+22 0.16892048E+18
 0.27817673E+22 0.16420634E+18
 0.27545412E+22 0.15959109E+18
 0.27275719E+22 0.15507330E+18
 0.27008570E+22 0.15065156E+18
 0.26743943E+22 0.14632447E+18
 0.26481813E+22 0.14209063E+18
 0.26222158E+22 0.13794870E+18
 0.25964955E+22 0.13389731E+18
 0.25710181E+22 0.12993511E+18
 0.25457815E+22 0.12606079E+18
 0.25207834E+22 0.12227300E+18
 0.24960216E+22 0.11857046E+18
 0.24714939E+22 0.11495185E+18
 0.24471982E+22 0.11141591E+18
 0.24231324E+22 0.10796135E+18
 0.23992942E+22 0.10458692E+18
 0.23756818E+22 0.10129137E+18
 0.23522928E+22 0.98073464E+17
 0.23291254E+22 0.94931976E+17
 0.23061773E+22 0.91865665E+17
 0.22834468E+22 0.88873379E+17
 0.22609316E+22 0.85953847E+17
 0.22386299E+22 0.83105988E+17
 0.22165396E+22 0.80328580E+17
 0.21946589E+22 0.77620464E+17
 0.21729857E+22 0.74980490E+17
 0.21515183E+22 0.72407520E+17
 0.21302545E+22 0.69900424E+17
 0.21091927E+22 0.67458087E+17
 0.20883309E+22 0.65079398E+17
 0.20676673E+22 0.62763263E+17
 0.20472000E+22 0.60508593E+17
 0.20269272E+22 0.58314311E+17
 0.20068472E+22 0.56179348E+17
 0.19869582E+22 0.54102593E+17
 0.19672583E+22 0.52082915E+17
 0.19477459E+22 0.50119265E+17
 0.19284192E+22 0.48210588E+17
 0.19092764E+22 0.46355876E+17
 0.18903160E+22 0.44554137E+17
 0.18715362E+22 0.42804449E+17
 0.18529353E+22 0.41105892E+17
 0.18345116E+22 0.39457509E+17
 0.18162636E+22 0.37858324E+17
 0.17981897E+22 0.36307386E+17
 0.17802881E+22 0.34803744E+17
 0.17625573E+22 0.33346445E+17
 0.17449957E+22 0.31934562E+17
 0.17276018E+22 0.30567170E+17
 0.17103740E+22 0.29243428E+17
 0.16933107E+22 0.27962213E+17
 0.16764105E+22 0.26722844E+17
 0.16596718E+22 0.25524441E+17
 0.16430931E+22 0.24365894E+17
 0.16266729E+22 0.23246564E+17
 0.16104099E+22 0.22165514E+17
 0.15943024E+22 0.21121892E+17
 0.15783491E+22 0.20114856E+17
 0.15625485E+22 0.19143572E+17
 0.15468993E+22 0.18207214E+17
 0.15313999E+22 0.17304967E+17
 0.15160491E+22 0.16436022E+17
 0.15008454E+22 0.15599582E+17
 0.14857875E+22 0.14794857E+17
 0.14708740E+22 0.14021066E+17
 0.14561036E+22 0.13277436E+17
 0.14414749E+22 0.12563205E+17
 0.14269867E+22 0.11877618E+17
 0.14126375E+22 0.11219928E+17
 0.13984262E+22 0.10589398E+17
 0.13843515E+22 0.99853006E+16
 0.13704120E+22 0.94069154E+16
 0.13566065E+22 0.88535318E+16
 0.13429322E+22 0.83244487E+16
 0.13293911E+22 0.78189726E+16
 0.13159802E+22 0.73364188E+16
 0.13026985E+22 0.68761129E+16
 0.12895446E+22 0.64373868E+16
 0.12765175E+22 0.60195834E+16
 0.12636158E+22 0.56220539E+16
 0.12508385E+22 0.52441606E+16
 0.12381844E+22 0.48852633E+16
 0.12256523E+22 0.45447500E+16
 0.12132412E+22 0.42220041E+16
 0.12009498E+22 0.39164245E+16
 0.11887770E+22 0.36274073E+16
 0.11767217E+22 0.33543774E+16
 0.11647830E+22 0.30967535E+16
 0.11529597E+22 0.28539687E+16
 0.11412504E+22 0.26254645E+16
 0.11296546E+22 0.24106922E+16
 0.11181709E+22 0.22091130E+16
 0.11067983E+22 0.20201966E+16
 0.10955357E+22 0.18434225E+16
 0.10843822E+22 0.16782795E+16
 0.10733370E+22 0.15242656E+16
 0.10623984E+22 0.13808902E+16
 0.10515660E+22 0.12476712E+16
 0.10408386E+22 0.11241352E+16
 0.10302154E+22 0.10098210E+16
 0.10196949E+22 0.90427595E+15
 0.10092768E+22 0.80705757E+15
 0.99895982E+21 0.71773296E+15
 0.98874297E+21 0.63588253E+15
 0.97862538E+21 0.56109603E+15
 0.96860612E+21 0.49297081E+15
 0.95868426E+21 0.43111556E+15
 0.94885890E+21 0.37514948E+15
 0.93912913E+21 0.32470504E+15
 0.92949406E+21 0.27941467E+15
 0.91995279E+21 0.23892762E+15
 0.91050445E+21 0.20291547E+15
 0.90114816E+21 0.17104584E+15
 0.89188306E+21 0.14300192E+15
 0.88270821E+21 0.11847771E+15
 0.87362302E+21 0.97179211E+14
 0.86462638E+21 0.78822863E+14
 0.85571756E+21 0.63136996E+14
 0.84689573E+21 0.49861228E+14
 0.83816007E+21 0.38746861E+14
 0.82950977E+21 0.29556958E+14
 0.82094403E+21 0.22066484E+14
 0.81246205E+21 0.16062556E+14
 0.80406403E+21 0.11344365E+14
 0.79574722E+21 0.77235811E+13
 0.78751182E+21 0.50247422E+13
 0.77935708E+21 0.30852054E+13
 0.77128223E+21 0.17553214E+13
 0.76328653E+21 0.89911391E+12
 0.75536923E+21 0.39482216E+12
 0.74752959E+21 0.13532848E+12
 0.73976688E+21 0.29036784E+11
 0.73208038E+21 0.18092463E+10
 0.72446936E+21 0.00000000E+00
 0.71693311E+21 0.00000000E+00
 0.70947093E+21 0.00000000E+00
 0.70208212E+21 0.00000000E+00
 0.69476600E+21 0.00000000E+00
 0.68752186E+21 0.00000000E+00
 0.68034904E+21 0.00000000E+00
 0.67324686E+21 0.00000000E+00
 0.66621465E+21 0.00000000E+00
 0.65925176E+21 0.00000000E+00
 0.65235747E+21 0.00000000E+00
 0.64553124E+21 0.00000000E+00
 0.63877466E+21 0.00000000E+00
 0.63208251E+21 0.00000000E+00
 0.62545645E+21 0.00000000E+00
 0.61889587E+21 0.00000000E+00
 0.61240015E+21 0.00000000E+00
 0.60596866E+21 0.00000000E+00
 0.59960081E+21 0.00000000E+00
 0.59329599E+21 0.00000000E+00
 0.58705360E+21 0.00000000E+00
 0.58087306E+21 0.00000000E+00
 0.57475377E+21 0.00000000E+00
 0.56869516E+21 0.00000000E+00
 0.56269665E+21 0.00000000E+00
 0.55675766E+21 0.00000000E+00
 0.55087765E+21 0.00000000E+00
 0.54505599E+21 0.00000000E+00
 0.53929223E+21 0.00000000E+00
 0.53358579E+21 0.00000000E+00
 0.52793610E+21 0.00000000E+00
 0.52234263E+21 0.00000000E+00
 0.51680485E+21 0.00000000E+00
 0.51132223E+21 0.00000000E+00
 0.50589424E+21 0.00000000E+00
 0.50052037E+21 0.00000000E+00
 0.49520009E+21 0.00000000E+00
 0.48993291E+21 0.00000000E+00
 0.48471831E+21 0.00000000E+00
 0.47955580E+21 0.00000000E+00
 0.47444487E+21 0.00000000E+00
 0.46938509E+21 0.00000000E+00
 0.46437587E+21 0.00000000E+00
 0.45941678E+21 0.00000000E+00
 0.45450735E+21 0.00000000E+00
 0.44964709E+21 0.00000000E+00
 0.44483554E+21 0.00000000E+00
 0.44007223E+21 0.00000000E+00
 0.43535671E+21 0.00000000E+00
 0.43068852E+21 0.00000000E+00
 0.42606721E+21 0.00000000E+00
 0.42149232E+21 0.00000000E+00
 0.41696342E+21 0.00000000E+00
 0.41248007E+21 0.00000000E+00
 0.40804183E+21 0.00000000E+00
 0.40364827E+21 0.00000000E+00
 0.39929896E+21 0.00000000E+00
 0.39499348E+21 0.00000000E+00
 0.39073141E+21 0.00000000E+00
 0.38651233E+21 0.00000000E+00
 0.38233584E+21 0.00000000E+00
 0.37820153E+21 0.00000000E+00
 0.37410819E+21 0.00000000E+00
 0.37005702E+21 0.00000000E+00
 0.36604695E+21 0.00000000E+00
 0.36207734E+21 0.00000000E+00
 0.35814792E+21 0.00000000E+00
 0.35425831E+21 0.00000000E+00
 0.35040812E+21 0.00000000E+00
 0.34659698E+21 0.00000000E+00
 0.34282451E+21 0.00000000E+00
 0.33909034E+21 0.00000000E+00
 0.33539410E+21 0.00000000E+00
 0.33173543E+21 0.00000000E+00
 0.32811397E+21 0.00000000E+00
 0.32452934E+21 0.00000000E+00
 0.32098122E+21 0.00000000E+00
 0.31746924E+21 0.00000000E+00
 0.31399307E+21 0.00000000E+00
 0.31055234E+21 0.00000000E+00
 0.30714672E+21 0.00000000E+00
 0.30377586E+21 0.00000000E+00
 0.30043944E+21 0.00000000E+00
 0.29713713E+21 0.00000000E+00
 0.29386862E+21 0.00000000E+00
 0.29063352E+21 0.00000000E+00
 0.28743158E+21 0.00000000E+00
 0.28426241E+21 0.00000000E+00
 0.28112574E+21 0.00000000E+00
 0.27802123E+21 0.00000000E+00
 0.27494856E+21 0.00000000E+00
 0.27190747E+21 0.00000000E+00
 0.26889764E+21 0.00000000E+00
 0.26591875E+21 0.00000000E+00
 0.26297051E+21 0.00000000E+00
 0.26005262E+21 0.00000000E+00
 0.25716479E+21 0.00000000E+00
 0.25430652E+21 0.00000000E+00
 0.25147793E+21 0.00000000E+00
 0.24867854E+21 0.00000000E+00
 0.24590805E+21 0.00000000E+00
 0.24316619E+21 0.00000000E+00
 0.24045267E+21 0.00000000E+00
 0.23776739E+21 0.00000000E+00
 0.23510975E+21 0.00000000E+00
 0.23247964E+21 0.00000000E+00
 0.22987680E+21 0.00000000E+00
 0.22730095E+21 0.00000000E+00
 0.22475183E+21 0.00000000E+00
 0.22222920E+21 0.00000000E+00
 0.21973278E+21 0.00000000E+00
 0.21726232E+21 0.00000000E+00
 0.21481755E+21 0.00000000E+00
 0.21239825E+21 0.00000000E+00
 0.21000416E+21 0.00000000E+00
 0.20763504E+21 0.00000000E+00
 0.20529063E+21 0.00000000E+00
 0.20297071E+21 0.00000000E+00
 0.20067502E+21 0.00000000E+00
 0.19840333E+21 0.00000000E+00
 0.19615542E+21 0.00000000E+00
 0.19393103E+21 0.00000000E+00
 0.19172995E+21 0.00000000E+00
 0.18955194E+21 0.00000000E+00
 0.18739678E+21 0.00000000E+00
 0.18526425E+21 0.00000000E+00
 0.18315412E+21 0.00000000E+00
 0.18106618E+21 0.00000000E+00
 0.17900020E+21 0.00000000E+00
 0.17695584E+21 0.00000000E+00
 0.17493315E+21 0.00000000E+00
 0.17293178E+21 0.00000000E+00
 0.17095153E+21 0.00000000E+00
 0.16899218E+21 0.00000000E+00
 0.16705354E+21 0.00000000E+00
 0.16513567E+21 0.00000000E+00
 0.16323781E+21 0.00000000E+00
 0.16136005E+21 0.00000000E+00
 0.15950219E+21 0.00000000E+00
 0.15766403E+21 0.00000000E+00
 0.15584537E+21 0.00000000E+00
 0.15404603E+21 0.00000000E+00
 0.15226580E+21 0.00000000E+00
 0.15050452E+21 0.00000000E+00
 0.14876198E+21 0.00000000E+00
 0.14703799E+21 0.00000000E+00
 0.14533239E+21 0.00000000E+00
 0.14364498E+21 0.00000000E+00
 0.14197558E+21 0.00000000E+00
 0.14032402E+21 0.00000000E+00
 0.13869012E+21 0.00000000E+00
 0.13707370E+21 0.00000000E+00
 0.13547459E+21 0.00000000E+00
 0.13389262E+21 0.00000000E+00
 0.13232762E+21 0.00000000E+00
 0.13077941E+21 0.00000000E+00
 0.12924784E+21 0.00000000E+00
 0.12773272E+21 0.00000000E+00
 0.12623343E+21 0.00000000E+00
 0.12475076E+21 0.00000000E+00
 0.12328407E+21 0.00000000E+00
 0.12183314E+21 0.00000000E+00
 0.12039793E+21 0.00000000E+00
 0.11897822E+21 0.00000000E+00
 0.11757385E+21 0.00000000E+00
 0.11618468E+21 0.00000000E+00
 0.11481056E+21 0.00000000E+00
 0.11345133E+21 0.00000000E+00
 0.11210692E+21 0.00000000E+00
 0.11077702E+21 0.00000000E+00
 0.10946157E+21 0.00000000E+00
 0.10816042E+21 0.00000000E+00
 0.10687343E+21 0.00000000E+00
 0.10560045E+21 0.00000000E+00
 0.10434135E+21 0.00000000E+00
 0.10309599E+21 0.00000000E+00
 0.10186422E+21 0.00000000E+00
 0.10064591E+21 0.00000000E+00
 0.99440924E+20 0.00000000E+00
 0.98249128E+20 0.00000000E+00
 0.97070388E+20 0.00000000E+00
 0.95904571E+20 0.00000000E+00
 0.94751548E+20 0.00000000E+00
 0.93611189E+20 0.00000000E+00
 0.92483362E+20 0.00000000E+00
 0.91367946E+20 0.00000000E+00
 0.90264812E+20 0.00000000E+00
 0.89173844E+20 0.00000000E+00
 0.88094901E+20 0.00000000E+00
 0.87027870E+20 0.00000000E+00
 0.85972632E+20 0.00000000E+00
 0.84929062E+20 0.00000000E+00
 0.83897038E+20 0.00000000E+00
 0.82876452E+20 0.00000000E+00
 0.81867178E+20 0.00000000E+00
 0.80869101E+20 0.00000000E+00
 0.79882120E+20 0.00000000E+00
 0.78906112E+20 0.00000000E+00
 0.77940965E+20 0.00000000E+00
 0.76986568E+20 0.00000000E+00
 0.76042810E+20 0.00000000E+00
 0.75109582E+20 0.00000000E+00
 0.74186776E+20 0.00000000E+00
 0.73274284E+20 0.00000000E+00
 0.72372001E+20 0.00000000E+00
 0.71479820E+20 0.00000000E+00
 0.70597633E+20 0.00000000E+00
 0.69725346E+20 0.00000000E+00
 0.68862852E+20 0.00000000E+00
 0.68010092E+20 0.00000000E+00
 0.67166874E+20 0.00000000E+00
 0.66333169E+20 0.00000000E+00
 0.65508850E+20 0.00000000E+00
 0.64693786E+20 0.00000000E+00
 0.63887971E+20 0.00000000E+00
 0.63091257E+20 0.00000000E+00
 0.62303606E+20 0.00000000E+00
 0.61524821E+20 0.00000000E+00
 0.60754860E+20 0.00000000E+00
 0.59993633E+20 0.00000000E+00
 0.59241047E+20 0.00000000E+00
 0.58497024E+20 0.00000000E+00
 0.57761438E+20 0.00000000E+00
 0.57034235E+20 0.00000000E+00
 0.56315323E+20 0.00000000E+00
 0.55604608E+20 0.00000000E+00
 0.54902007E+20 0.00000000E+00
 0.54207640E+20 0.00000000E+00
 0.53520983E+20 0.00000000E+00
 0.52842226E+20 0.00000000E+00
 0.52171246E+20 0.00000000E+00
 0.51507964E+20 0.00000000E+00
 0.50852292E+20 0.00000000E+00
 0.50204164E+20 0.00000000E+00
 0.49563047E+20 0.00000000E+00
 0.48929720E+20 0.00000000E+00
 0.48303697E+20 0.00000000E+00
 0.47684892E+20 0.00000000E+00
 0.47073236E+20 0.00000000E+00
 0.46468635E+20 0.00000000E+00
 0.45871031E+20 0.00000000E+00
 0.45280350E+20 0.00000000E+00
 0.44696506E+20 0.00000000E+00
 0.44119432E+20 0.00000000E+00
 0.43549057E+20 0.00000000E+00
 0.42985307E+20 0.00000000E+00
 0.42428113E+20 0.00000000E+00
 0.41877403E+20 0.00000000E+00
 0.41333108E+20 0.00000000E+00
 0.40795173E+20 0.00000000E+00
 0.40263502E+20 0.00000000E+00
 0.39737951E+20 0.00000000E+00
 0.39218635E+20 0.00000000E+00
 0.38705396E+20 0.00000000E+00
 0.38198168E+20 0.00000000E+00
 0.37696886E+20 0.00000000E+00
 0.37201548E+20 0.00000000E+00
 0.36711899E+20 0.00000000E+00
 0.36228136E+20 0.00000000E+00
 0.35749995E+20 0.00000000E+00
 0.35277488E+20 0.00000000E+00
 0.34810556E+20 0.00000000E+00
 0.34349124E+20 0.00000000E+00
 0.33893134E+20 0.00000000E+00
 0.33442535E+20 0.00000000E+00
 0.32997420E+20 0.00000000E+00
 0.32557430E+20 0.00000000E+00
 0.32122636E+20 0.00000000E+00
 0.31693009E+20 0.00000000E+00
 0.31268473E+20 0.00000000E+00
 0.30848972E+20 0.00000000E+00
 0.30434470E+20 0.00000000E+00
 0.30024892E+20 0.00000000E+00
 0.29620189E+20 0.00000000E+00
 0.29220308E+20 0.00000000E+00
 0.28825195E+20 0.00000000E+00
 0.28434797E+20 0.00000000E+00
 0.28049060E+20 0.00000000E+00
 0.27667925E+20 0.00000000E+00
 0.27291361E+20 0.00000000E+00
 0.26919252E+20 0.00000000E+00
 0.26551649E+20 0.00000000E+00
 0.26188459E+20 0.00000000E+00
 0.25829612E+20 0.00000000E+00
 0.25475080E+20 0.00000000E+00
 0.25124808E+20 0.00000000E+00
 0.24778747E+20 0.00000000E+00
 0.24436849E+20 0.00000000E+00
 0.24099070E+20 0.00000000E+00
 0.23765359E+20 0.00000000E+00
 0.23435672E+20 0.00000000E+00
 0.23109963E+20 0.00000000E+00
 0.22788188E+20 0.00000000E+00
 0.22470301E+20 0.00000000E+00
 0.22156259E+20 0.00000000E+00
 0.21846018E+20 0.00000000E+00
 0.21539535E+20 0.00000000E+00
 0.21236768E+20 0.00000000E+00
 0.20937676E+20 0.00000000E+00
 0.20642216E+20 0.00000000E+00
 0.20350396E+20 0.00000000E+00
 0.20062081E+20 0.00000000E+00
 0.19777280E+20 0.00000000E+00
 0.19495957E+20 0.00000000E+00
 0.19218073E+20 0.00000000E+00
 0.18943592E+20 0.00000000E+00
 0.18672478E+20 0.00000000E+00
 0.18404695E+20 0.00000000E+00
 0.18140208E+20 0.00000000E+00
 0.17878979E+20 0.00000000E+00
 0.17620888E+20 0.00000000E+00
 0.17366077E+20 0.00000000E+00
 0.17114418E+20 0.00000000E+00
 0.16865883E+20 0.00000000E+00
 0.16620520E+20 0.00000000E+00
 0.16378128E+20 0.00000000E+00
 0.16138755E+20 0.00000000E+00
 0.15902376E+20 0.00000000E+00
 0.15668953E+20 0.00000000E+00
 0.15438456E+20 0.00000000E+00
 0.15210851E+20 0.00000000E+00
 0.14986109E+20 0.00000000E+00
 0.14764198E+20 0.00000000E+00
 0.14545088E+20 0.00000000E+00
 0.14328747E+20 0.00000000E+00
 0.14115146E+20 0.00000000E+00
 0.13904257E+20 0.00000000E+00
 0.13695974E+20 0.00000000E+00
 0.13490483E+20 0.00000000E+00
 0.13287546E+20 0.00000000E+00
 0.13087202E+20 0.00000000E+00
 0.12889423E+20 0.00000000E+00
 0.12694181E+20 0.00000000E+00
 0.12501448E+20 0.00000000E+00
 0.12311196E+20 0.00000000E+00
 0.12123399E+20 0.00000000E+00
 0.11938028E+20 0.00000000E+00
 0.11755058E+20 0.00000000E+00
 0.11574403E+20 0.00000000E+00
