# su gaussdd      trunk (rev 438)                                             
 0.48202529E+27 0.57553677E+26
 0.48124389E+27 0.57289096E+26
 0.48046651E+27 0.57025721E+26
 0.47969305E+27 0.56763546E+26
 0.47892354E+27 0.56502567E+26
 0.47815795E+27 0.56242777E+26
 0.47739627E+27 0.55984172E+26
 0.47663848E+27 0.55726745E+26
 0.47588456E+27 0.55470493E+26
 0.47513449E+27 0.55215408E+26
 0.47438825E+27 0.54961487E+26
 0.47364583E+27 0.54708724E+26
 0.47290721E+27 0.54457113E+26
 0.47217236E+27 0.54206650E+26
 0.47144128E+27 0.53957328E+26
 0.47071394E+27 0.53709144E+26
 0.46999024E+27 0.53462004E+26
 0.46927041E+27 0.53216166E+26
 0.46855419E+27 0.52971362E+26
 0.46784165E+27 0.52727674E+26
 0.46713275E+27 0.52485099E+26
 0.46642749E+27 0.52243629E+26
 0.46572585E+27 0.52003261E+26
 0.46502781E+27 0.51763989E+26
 0.46433336E+27 0.51525809E+26
 0.46364247E+27 0.51288716E+26
 0.46295513E+27 0.51052704E+26
 0.46227132E+27 0.50817769E+26
 0.46159102E+27 0.50583906E+26
 0.46091422E+27 0.50351110E+26
 0.46024090E+27 0.50119376E+26
 0.45957104E+27 0.49888699E+26
 0.45890463E+27 0.49659075E+26
 0.45824165E+27 0.49430499E+26
 0.45758208E+27 0.49202966E+26
 0.45692590E+27 0.48976471E+26
 0.45627310E+27 0.48751010E+26
 0.45562366E+27 0.48526578E+26
 0.45497756E+27 0.48303170E+26
 0.45433480E+27 0.48080781E+26
 0.45369534E+27 0.47859408E+26
 0.45305918E+27 0.47639045E+26
 0.45242629E+27 0.47419688E+26
 0.45179667E+27 0.47201332E+26
 0.45117029E+27 0.46983973E+26
 0.45054714E+27 0.46767606E+26
 0.44992720E+27 0.46552227E+26
 0.44931046E+27 0.46337831E+26
 0.44869689E+27 0.46124414E+26
 0.44808649E+27 0.45911971E+26
 0.44747924E+27 0.45700498E+26
 0.44687512E+27 0.45489991E+26
 0.44627411E+27 0.45280445E+26
 0.44567621E+27 0.45071855E+26
 0.44508138E+27 0.44864218E+26
 0.44448963E+27 0.44657529E+26
 0.44390093E+27 0.44451784E+26
 0.44331526E+27 0.44246978E+26
 0.44273261E+27 0.44043108E+26
 0.44215297E+27 0.43840169E+26
 0.44157631E+27 0.43638156E+26
 0.44100263E+27 0.43437066E+26
 0.44043190E+27 0.43236891E+26
 0.43986413E+27 0.43037638E+26
 0.43929927E+27 0.42839290E+26
 0.43873733E+27 0.42641849E+26
 0.43817829E+27 0.42445310E+26
 0.43762212E+27 0.42249668E+26
 0.43706882E+27 0.42054920E+26
 0.43651838E+27 0.41861062E+26
 0.43597076E+27 0.41668089E+26
 0.43542597E+27 0.41475997E+26
 0.43488398E+27 0.41284784E+26
 0.43434479E+27 0.41094443E+26
 0.43380837E+27 0.40904973E+26
 0.43327471E+27 0.40716368E+26
 0.43274379E+27 0.40528625E+26
 0.43221561E+27 0.40341739E+26
 0.43169014E+27 0.40155707E+26
 0.43116737E+27 0.39970526E+26
 0.43064729E+27 0.39786190E+26
 0.43012989E+27 0.39602697E+26
 0.42961514E+27 0.39420042E+26
 0.42910303E+27 0.39238222E+26
 0.42859355E+27 0.39057233E+26
 0.42808669E+27 0.38877071E+26
 0.42758243E+27 0.38697733E+26
 0.42708075E+27 0.38519214E+26
 0.42658164E+27 0.38341510E+26
 0.42608509E+27 0.38164620E+26
 0.42559108E+27 0.37988537E+26
 0.42509959E+27 0.37813249E+26
 0.42461063E+27 0.37638771E+26
 0.42412417E+27 0.37465103E+26
 0.42364020E+27 0.37292219E+26
 0.42315869E+27 0.37120123E+26
 0.42267965E+27 0.36948816E+26
 0.42220304E+27 0.36778289E+26
 0.42172887E+27 0.36608544E+26
 0.42125712E+27 0.36439574E+26
 0.42078771E+27 0.36271327E+26
 0.42032080E+27 0.36103948E+26
 0.41985621E+27 0.35937285E+26
 0.41939399E+27 0.35771384E+26
 0.41893411E+27 0.35606242E+26
 0.41847651E+27 0.35441787E+26
 0.41802131E+27 0.35278175E+26
 0.41756844E+27 0.35115331E+26
 0.41711783E+27 0.34953188E+26
 0.41666949E+27 0.34791786E+26
 0.41622342E+27 0.34631123E+26
 0.41577961E+27 0.34471194E+26
 0.41533804E+27 0.34311997E+26
 0.41489869E+27 0.34153527E+26
 0.41446155E+27 0.33995772E+26
 0.41402670E+27 0.33838759E+26
 0.41359390E+27 0.33682454E+26
 0.41316334E+27 0.33526863E+26
 0.41273494E+27 0.33371984E+26
 0.41230874E+27 0.33217814E+26
 0.41188457E+27 0.33064348E+26
 0.41146258E+27 0.32911585E+26
 0.41104271E+27 0.32759520E+26
 0.41062493E+27 0.32608150E+26
 0.41020923E+27 0.32457473E+26
 0.40979561E+27 0.32307486E+26
 0.40938405E+27 0.32158184E+26
 0.40897454E+27 0.32009565E+26
 0.40856706E+27 0.31861626E+26
 0.40816160E+27 0.31714364E+26
 0.40775816E+27 0.31567775E+26
 0.40735666E+27 0.31421812E+26
 0.40695724E+27 0.31276607E+26
 0.40655975E+27 0.31132021E+26
 0.40616422E+27 0.30988097E+26
 0.40577064E+27 0.30844831E+26
 0.40537905E+27 0.30702220E+26
 0.40498919E+27 0.30560178E+26
 0.40460129E+27 0.30418953E+26
 0.40421554E+27 0.30278291E+26
 0.40383152E+27 0.30138273E+26
 0.40344937E+27 0.29998895E+26
 0.40306908E+27 0.29860155E+26
 0.40269064E+27 0.29722050E+26
 0.40231404E+27 0.29584576E+26
 0.40193927E+27 0.29447732E+26
 0.40156631E+27 0.29311514E+26
 0.40119516E+27 0.29175919E+26
 0.40082579E+27 0.29040945E+26
 0.40045821E+27 0.28906589E+26
 0.40009240E+27 0.28772847E+26
 0.39972834E+27 0.28639717E+26
 0.39936602E+27 0.28507197E+26
 0.39900544E+27 0.28375283E+26
 0.39864658E+27 0.28243973E+26
 0.39828943E+27 0.28113264E+26
 0.39793398E+27 0.27983153E+26
 0.39758026E+27 0.27853637E+26
 0.39722817E+27 0.27724715E+26
 0.39687769E+27 0.27596382E+26
 0.39652892E+27 0.27468637E+26
 0.39618179E+27 0.27341476E+26
 0.39583628E+27 0.27214898E+26
 0.39549240E+27 0.27088899E+26
 0.39515012E+27 0.26963476E+26
 0.39480931E+27 0.26838628E+26
 0.39447034E+27 0.26714352E+26
 0.39413282E+27 0.26590644E+26
 0.39379686E+27 0.26467502E+26
 0.39346250E+27 0.26344925E+26
 0.39312958E+27 0.26222908E+26
 0.39279824E+27 0.26101450E+26
 0.39246827E+27 0.25980548E+26
 0.39214011E+27 0.25860200E+26
 0.39181329E+27 0.25740402E+26
 0.39148796E+27 0.25621153E+26
 0.39116411E+27 0.25502450E+26
 0.39084172E+27 0.25384291E+26
 0.39052079E+27 0.25266672E+26
 0.39020129E+27 0.25149592E+26
 0.38988322E+27 0.25033048E+26
 0.38956659E+27 0.24917038E+26
 0.38925136E+27 0.24801559E+26
 0.38893753E+27 0.24686608E+26
 0.38862509E+27 0.24572184E+26
 0.38831403E+27 0.24458284E+26
 0.38800434E+27 0.24344906E+26
 0.38769601E+27 0.24232046E+26
 0.38738903E+27 0.24119704E+26
 0.38708338E+27 0.24007876E+26
 0.38677906E+27 0.23896552E+26
 0.38647606E+27 0.23785746E+26
 0.38617436E+27 0.23675448E+26
 0.38587397E+27 0.23565661E+26
 0.38557486E+27 0.23456370E+26
 0.38527702E+27 0.23347580E+26
 0.38498045E+27 0.23239288E+26
 0.38468513E+27 0.23131492E+26
 0.38439106E+27 0.23024189E+26
 0.38409808E+27 0.22917378E+26
 0.38380661E+27 0.22811057E+26
 0.38351622E+27 0.22705222E+26
 0.38322703E+27 0.22599872E+26
 0.38293903E+27 0.22495004E+26
 0.38265222E+27 0.22390617E+26
 0.38236658E+27 0.22286708E+26
 0.38208211E+27 0.22183275E+26
 0.38179880E+27 0.22080316E+26
 0.38151663E+27 0.21977828E+26
 0.38123560E+27 0.21875810E+26
 0.38095569E+27 0.21774259E+26
 0.38067690E+27 0.21673173E+26
 0.38039921E+27 0.21572550E+26
 0.38012263E+27 0.21472389E+26
 0.37984713E+27 0.21372686E+26
 0.37957270E+27 0.21273440E+26
 0.37929935E+27 0.21174648E+26
 0.37902705E+27 0.21076309E+26
 0.37875580E+27 0.20978421E+26
 0.37848560E+27 0.20880981E+26
 0.37821642E+27 0.20783987E+26
 0.37794826E+27 0.20687438E+26
 0.37768111E+27 0.20591331E+26
 0.37741497E+27 0.20495665E+26
 0.37714981E+27 0.20400437E+26
 0.37688564E+27 0.20305645E+26
 0.37662244E+27 0.20211287E+26
 0.37636021E+27 0.20117362E+26
 0.37609893E+27 0.20023867E+26
 0.37583859E+27 0.19930800E+26
 0.37557919E+27 0.19838160E+26
 0.37532072E+27 0.19745944E+26
 0.37506316E+27 0.19654151E+26
 0.37480652E+27 0.19562779E+26
 0.37455077E+27 0.19471825E+26
 0.37429584E+27 0.19381288E+26
 0.37404194E+27 0.19291166E+26
 0.37378883E+27 0.19201457E+26
 0.37353659E+27 0.19112158E+26
 0.37328520E+27 0.19023270E+26
 0.37303465E+27 0.18934788E+26
 0.37278494E+27 0.18846712E+26
 0.37253606E+27 0.18759039E+26
 0.37228799E+27 0.18671769E+26
 0.37204073E+27 0.18584898E+26
 0.37179428E+27 0.18498425E+26
 0.37154861E+27 0.18412349E+26
 0.37130372E+27 0.18326667E+26
 0.37105961E+27 0.18241378E+26
 0.37081625E+27 0.18156479E+26
 0.37057366E+27 0.18071970E+26
 0.37033181E+27 0.17987848E+26
 0.37009070E+27 0.17904112E+26
 0.36985031E+27 0.17820759E+26
 0.36961065E+27 0.17737789E+26
 0.36937169E+27 0.17655198E+26
 0.36913344E+27 0.17572987E+26
 0.36889588E+27 0.17491152E+26
 0.36865900E+27 0.17409692E+26
 0.36842280E+27 0.17328606E+26
 0.36818727E+27 0.17247891E+26
 0.36795240E+27 0.17167546E+26
 0.36771818E+27 0.17087569E+26
 0.36748459E+27 0.17007959E+26
 0.36725164E+27 0.16928714E+26
 0.36701932E+27 0.16849832E+26
 0.36678761E+27 0.16771312E+26
 0.36655652E+27 0.16693152E+26
 0.36632599E+27 0.16615350E+26
 0.36609593E+27 0.16537905E+26
 0.36586667E+27 0.16460814E+26
 0.36563798E+27 0.16384077E+26
 0.36540978E+27 0.16307692E+26
 0.36518214E+27 0.16231657E+26
 0.36495504E+27 0.16155970E+26
 0.36472848E+27 0.16080631E+26
 0.36450245E+27 0.16005637E+26
 0.36427694E+27 0.15930987E+26
 0.36405194E+27 0.15856679E+26
 0.36382745E+27 0.15782711E+26
 0.36360339E+27 0.15709083E+26
 0.36337994E+27 0.15635792E+26
 0.36315691E+27 0.15562837E+26
 0.36293435E+27 0.15490218E+26
 0.36271225E+27 0.15417930E+26
 0.36249060E+27 0.15345974E+26
 0.36226940E+27 0.15274348E+26
 0.36204864E+27 0.15203050E+26
 0.36182832E+27 0.15132080E+26
 0.36160839E+27 0.15061435E+26
 0.36138888E+27 0.14991113E+26
 0.36116978E+27 0.14921114E+26
 0.36095108E+27 0.14851436E+26
 0.36073276E+27 0.14782078E+26
 0.36051481E+27 0.14713037E+26
 0.36029724E+27 0.14644313E+26
 0.36008003E+27 0.14575904E+26
 0.35986317E+27 0.14507809E+26
 0.35964666E+27 0.14440026E+26
 0.35943048E+27 0.14372554E+26
 0.35921463E+27 0.14305392E+26
 0.35899910E+27 0.14238537E+26
 0.35878388E+27 0.14171989E+26
 0.35856896E+27 0.14105746E+26
 0.35835435E+27 0.14039807E+26
 0.35814004E+27 0.13974170E+26
 0.35792598E+27 0.13908834E+26
 0.35771216E+27 0.13843798E+26
 0.35749863E+27 0.13779060E+26
 0.35728535E+27 0.13714619E+26
 0.35707232E+27 0.13650473E+26
 0.35685953E+27 0.13586621E+26
 0.35664696E+27 0.13523063E+26
 0.35643461E+27 0.13459796E+26
 0.35622247E+27 0.13396819E+26
 0.35601054E+27 0.13334131E+26
 0.35579880E+27 0.13271730E+26
 0.35558724E+27 0.13209615E+26
 0.35537587E+27 0.13147786E+26
 0.35516460E+27 0.13086240E+26
 0.35495362E+27 0.13024976E+26
 0.35474273E+27 0.12963993E+26
 0.35453198E+27 0.12903290E+26
 0.35432136E+27 0.12842865E+26
 0.35411088E+27 0.12782717E+26
 0.35390051E+27 0.12722846E+26
 0.35369026E+27 0.12663249E+26
 0.35348010E+27 0.12603925E+26
 0.35327005E+27 0.12544873E+26
 0.35306007E+27 0.12486092E+26
 0.35285021E+27 0.12427581E+26
 0.35264035E+27 0.12369338E+26
 0.35243058E+27 0.12311362E+26
 0.35222087E+27 0.12253653E+26
 0.35201120E+27 0.12196207E+26
 0.35180156E+27 0.12139026E+26
 0.35159195E+27 0.12082107E+26
 0.35138236E+27 0.12025448E+26
 0.35117278E+27 0.11969050E+26
 0.35096315E+27 0.11912910E+26
 0.35075362E+27 0.11857028E+26
 0.35054393E+27 0.11801402E+26
 0.35033439E+27 0.11746032E+26
 0.35012473E+27 0.11690915E+26
 0.34991503E+27 0.11636051E+26
 0.34970528E+27 0.11581439E+26
 0.34949548E+27 0.11527078E+26
 0.34928561E+27 0.11472965E+26
 0.34907566E+27 0.11419101E+26
 0.34886563E+27 0.11365484E+26
 0.34865550E+27 0.11312113E+26
 0.34844528E+27 0.11258987E+26
 0.34823495E+27 0.11206105E+26
 0.34802450E+27 0.11153465E+26
 0.34781392E+27 0.11101067E+26
 0.34760321E+27 0.11048909E+26
 0.34739230E+27 0.10996990E+26
 0.34718134E+27 0.10945310E+26
 0.34697017E+27 0.10893867E+26
 0.34675883E+27 0.10842659E+26
 0.34654732E+27 0.10791687E+26
 0.34633562E+27 0.10740948E+26
 0.34612372E+27 0.10690443E+26
 0.34591162E+27 0.10640169E+26
 0.34569930E+27 0.10590125E+26
 0.34548676E+27 0.10540311E+26
 0.34527400E+27 0.10490726E+26
 0.34506099E+27 0.10441369E+26
 0.34484774E+27 0.10392237E+26
 0.34463423E+27 0.10343332E+26
 0.34442045E+27 0.10294650E+26
 0.34420640E+27 0.10246192E+26
 0.34399207E+27 0.10197956E+26
 0.34377745E+27 0.10149942E+26
 0.34356252E+27 0.10102148E+26
 0.34334729E+27 0.10054573E+26
 0.34313174E+27 0.10007217E+26
 0.34291586E+27 0.99600775E+25
 0.34269965E+27 0.99131546E+25
 0.34248309E+27 0.98664471E+25
 0.34226618E+27 0.98199539E+25
 0.34204891E+27 0.97736740E+25
 0.34183126E+27 0.97276065E+25
 0.34161324E+27 0.96817504E+25
 0.34139438E+27 0.96361048E+25
 0.34117601E+27 0.95906686E+25
 0.34095679E+27 0.95454409E+25
 0.34073716E+27 0.95004208E+25
 0.34051710E+27 0.94556073E+25
 0.34029660E+27 0.94109994E+25
 0.34007509E+27 0.93665963E+25
 0.33985423E+27 0.93223969E+25
 0.33963243E+27 0.92784004E+25
 0.33941006E+27 0.92346058E+25
 0.33918724E+27 0.91910122E+25
 0.33896358E+27 0.91476187E+25
 0.33874025E+27 0.91044244E+25
 0.33851596E+27 0.90614283E+25
 0.33829069E+27 0.90186295E+25
 0.33806583E+27 0.89760272E+25
 0.33783997E+27 0.89336204E+25
 0.33761357E+27 0.88914083E+25
 0.33738661E+27 0.88493899E+25
 0.33715910E+27 0.88075644E+25
 0.33693101E+27 0.87659308E+25
 0.33670236E+27 0.87244884E+25
 0.33647310E+27 0.86832362E+25
 0.33624325E+27 0.86421734E+25
 0.33601280E+27 0.86012991E+25
 0.33578172E+27 0.85606124E+25
 0.33555004E+27 0.85201125E+25
 0.33531771E+27 0.84797985E+25
 0.33508474E+27 0.84396696E+25
 0.33485058E+27 0.83997249E+25
 0.33461683E+27 0.83599636E+25
 0.33438188E+27 0.83203848E+25
 0.33414625E+27 0.82809877E+25
 0.33390996E+27 0.82417716E+25
 0.33367290E+27 0.82027354E+25
 0.33343518E+27 0.81638785E+25
 0.33319673E+27 0.81252000E+25
 0.33295757E+27 0.80866991E+25
 0.33271766E+27 0.80483750E+25
 0.33247701E+27 0.80102268E+25
 0.33223561E+27 0.79722539E+25
 0.33199345E+27 0.79344553E+25
 0.33175052E+27 0.78968302E+25
 0.33150627E+27 0.78593779E+25
 0.33126176E+27 0.78220977E+25
 0.33101700E+27 0.77849886E+25
 0.33077088E+27 0.77480499E+25
 0.33052395E+27 0.77112809E+25
 0.33027620E+27 0.76746807E+25
 0.33002761E+27 0.76382487E+25
 0.32977817E+27 0.76019840E+25
 0.32952788E+27 0.75658858E+25
 0.32927672E+27 0.75299534E+25
 0.32902470E+27 0.74941861E+25
 0.32877125E+27 0.74585830E+25
 0.32851799E+27 0.74231435E+25
 0.32826329E+27 0.73878668E+25
 0.32800715E+27 0.73527522E+25
 0.32775115E+27 0.73177988E+25
 0.32749370E+27 0.72830061E+25
 0.32723531E+27 0.72483731E+25
 0.32697597E+27 0.72138993E+25
 0.32671568E+27 0.71795839E+25
 0.32645445E+27 0.71454261E+25
 0.32619222E+27 0.71114253E+25
 0.32592846E+27 0.70775807E+25
 0.32566426E+27 0.70438916E+25
 0.32539960E+27 0.70103573E+25
 0.32513286E+27 0.69769771E+25
 0.32486559E+27 0.69437503E+25
 0.32459794E+27 0.69106762E+25
 0.32432863E+27 0.68777541E+25
 0.32405830E+27 0.68449833E+25
 0.32378694E+27 0.68123631E+25
 0.32351447E+27 0.67798928E+25
 0.32324096E+27 0.67475718E+25
 0.32296636E+27 0.67153994E+25
 0.32269068E+27 0.66833748E+25
 0.32241390E+27 0.66514975E+25
 0.32213601E+27 0.66197667E+25
 0.32185701E+27 0.65881818E+25
 0.32157689E+27 0.65567421E+25
 0.32129566E+27 0.65254469E+25
 0.32101323E+27 0.64942956E+25
 0.32072969E+27 0.64632876E+25
 0.32044499E+27 0.64324222E+25
 0.32015908E+27 0.64016987E+25
 0.31987207E+27 0.63711164E+25
 0.31958385E+27 0.63406749E+25
 0.31929443E+27 0.63103733E+25
 0.31900381E+27 0.62802111E+25
 0.31871199E+27 0.62501876E+25
 0.31841895E+27 0.62203023E+25
 0.31812469E+27 0.61905544E+25
 0.31782919E+27 0.61609433E+25
 0.31753245E+27 0.61314685E+25
 0.31723446E+27 0.61021293E+25
 0.31693522E+27 0.60729251E+25
 0.31663471E+27 0.60438553E+25
 0.31633293E+27 0.60149192E+25
 0.31602986E+27 0.59861163E+25
 0.31572551E+27 0.59574460E+25
 0.31541987E+27 0.59289076E+25
 0.31511291E+27 0.59005006E+25
 0.31480465E+27 0.58722243E+25
 0.31449507E+27 0.58440782E+25
 0.31418420E+27 0.58160616E+25
 0.31387187E+27 0.57881741E+25
 0.31355776E+27 0.57604149E+25
 0.31324335E+27 0.57327836E+25
 0.31292710E+27 0.57052795E+25
 0.31260942E+27 0.56779020E+25
 0.31229042E+27 0.56506507E+25
 0.31197001E+27 0.56235248E+25
 0.31164822E+27 0.55965239E+25
 0.31132504E+27 0.55696474E+25
 0.31100045E+27 0.55428947E+25
 0.31067446E+27 0.55162652E+25
 0.31034706E+27 0.54897585E+25
 0.31001824E+27 0.54633739E+25
 0.30968799E+27 0.54371108E+25
 0.30935630E+27 0.54109688E+25
 0.30902266E+27 0.53849473E+25
 0.30868863E+27 0.53590457E+25
 0.30835259E+27 0.53332636E+25
 0.30801511E+27 0.53076003E+25
 0.30767617E+27 0.52820553E+25
 0.30733575E+27 0.52566281E+25
 0.30699386E+27 0.52313181E+25
 0.30665049E+27 0.52061249E+25
 0.30630562E+27 0.51810479E+25
 0.30595926E+27 0.51560865E+25
 0.30561140E+27 0.51312403E+25
 0.30526204E+27 0.51065087E+25
 0.30491116E+27 0.50818913E+25
 0.30455877E+27 0.50573874E+25
 0.30420491E+27 0.50329966E+25
 0.30384941E+27 0.50087184E+25
 0.30349243E+27 0.49845522E+25
 0.30313392E+27 0.49604977E+25
 0.30277384E+27 0.49365541E+25
 0.30241226E+27 0.49127211E+25
 0.30204910E+27 0.48889982E+25
 0.30168387E+27 0.48653848E+25
 0.30131812E+27 0.48418806E+25
 0.30095026E+27 0.48184848E+25
 0.30058087E+27 0.47951972E+25
 0.30020989E+27 0.47720172E+25
 0.29983735E+27 0.47489442E+25
 0.29946320E+27 0.47259780E+25
 0.29908725E+27 0.47031178E+25
 0.29870993E+27 0.46803634E+25
 0.29833124E+27 0.46577141E+25
 0.29795073E+27 0.46351696E+25
 0.29756862E+27 0.46127293E+25
 0.29718491E+27 0.45903928E+25
 0.29679959E+27 0.45681597E+25
 0.29641266E+27 0.45460293E+25
 0.29602412E+27 0.45240014E+25
 0.29563398E+27 0.45020755E+25
 0.29524220E+27 0.44802509E+25
 0.29484880E+27 0.44585275E+25
 0.29445378E+27 0.44369046E+25
 0.29405714E+27 0.44153818E+25
 0.29365886E+27 0.43939586E+25
 0.29325895E+27 0.43726347E+25
 0.29285742E+27 0.43514096E+25
 0.29245419E+27 0.43302828E+25
 0.29204944E+27 0.43092539E+25
 0.29164294E+27 0.42883225E+25
 0.29123491E+27 0.42674880E+25
 0.29082519E+27 0.42467502E+25
 0.29041381E+27 0.42261085E+25
 0.29000080E+27 0.42055625E+25
 0.28958613E+27 0.41851119E+25
 0.28916989E+27 0.41647560E+25
 0.28875195E+27 0.41444947E+25
 0.28833237E+27 0.41243273E+25
 0.28791115E+27 0.41042536E+25
 0.28748828E+27 0.40842730E+25
 0.28706377E+27 0.40643852E+25
 0.28663761E+27 0.40445897E+25
 0.28620980E+27 0.40248862E+25
 0.28578036E+27 0.40052742E+25
 0.28534926E+27 0.39857533E+25
 0.28491653E+27 0.39663232E+25
 0.28448215E+27 0.39469833E+25
 0.28404614E+27 0.39277334E+25
 0.28360848E+27 0.39085729E+25
 0.28316919E+27 0.38895016E+25
 0.28272798E+27 0.38705189E+25
 0.28228568E+27 0.38516246E+25
 0.28184147E+27 0.38328182E+25
 0.28139564E+27 0.38140993E+25
 0.28094817E+27 0.37954676E+25
 0.28049908E+27 0.37769226E+25
 0.28004836E+27 0.37584639E+25
 0.27959601E+27 0.37400912E+25
 0.27914205E+27 0.37218042E+25
 0.27868647E+27 0.37036023E+25
 0.27822927E+27 0.36854853E+25
 0.27777046E+27 0.36674527E+25
 0.27731005E+27 0.36495043E+25
 0.27684799E+27 0.36316395E+25
 0.27638436E+27 0.36138581E+25
 0.27591914E+27 0.35961596E+25
 0.27545231E+27 0.35785437E+25
 0.27498392E+27 0.35610101E+25
 0.27451393E+27 0.35435583E+25
 0.27404243E+27 0.35261880E+25
 0.27356920E+27 0.35088989E+25
 0.27309442E+27 0.34916905E+25
 0.27261819E+27 0.34745626E+25
 0.27214034E+27 0.34575147E+25
 0.27166093E+27 0.34405465E+25
 0.27117939E+27 0.34236577E+25
 0.27069713E+27 0.34068479E+25
 0.27021331E+27 0.33901167E+25
 0.26972773E+27 0.33734638E+25
 0.26924061E+27 0.33568889E+25
 0.26875197E+27 0.33403916E+25
 0.26826177E+27 0.33239716E+25
 0.26776854E+27 0.33076285E+25
 0.26727535E+27 0.32913620E+25
 0.26678070E+27 0.32751717E+25
 0.26628454E+27 0.32590573E+25
 0.26578690E+27 0.32430185E+25
 0.26528780E+27 0.32270549E+25
 0.26478719E+27 0.32111663E+25
 0.26428513E+27 0.31953522E+25
 0.26378162E+27 0.31796123E+25
 0.26327667E+27 0.31639464E+25
 0.26277027E+27 0.31483540E+25
 0.26226244E+27 0.31328349E+25
 0.26175314E+27 0.31173887E+25
 0.26124246E+27 0.31020151E+25
 0.26073045E+27 0.30867139E+25
 0.26021698E+27 0.30714845E+25
 0.25970212E+27 0.30563269E+25
 0.25918590E+27 0.30412406E+25
 0.25866821E+27 0.30262252E+25
 0.25814929E+27 0.30112806E+25
 0.25762850E+27 0.29964064E+25
 0.25710727E+27 0.29816023E+25
 0.25658427E+27 0.29668679E+25
 0.25605992E+27 0.29522030E+25
 0.25553432E+27 0.29376072E+25
 0.25500736E+27 0.29230803E+25
 0.25447912E+27 0.29086219E+25
 0.25394958E+27 0.28942318E+25
 0.25341878E+27 0.28799096E+25
 0.25288671E+27 0.28656551E+25
 0.25235311E+27 0.28514678E+25
 0.25181883E+27 0.28373477E+25
 0.25128291E+27 0.28232942E+25
 0.25074603E+27 0.28093072E+25
 0.25020781E+27 0.27953864E+25
 0.24966839E+27 0.27815314E+25
 0.24912779E+27 0.27677420E+25
 0.24858600E+27 0.27540178E+25
 0.24804307E+27 0.27403587E+25
 0.24749897E+27 0.27267642E+25
 0.24695370E+27 0.27132342E+25
 0.24640737E+27 0.26997683E+25
 0.24585991E+27 0.26863662E+25
 0.24531132E+27 0.26730277E+25
 0.24476165E+27 0.26597525E+25
 0.24421089E+27 0.26465403E+25
 0.24365915E+27 0.26333908E+25
 0.24310620E+27 0.26203037E+25
 0.24255217E+27 0.26072788E+25
 0.24199723E+27 0.25943158E+25
 0.24144138E+27 0.25814144E+25
 0.24088470E+27 0.25685744E+25
 0.24032675E+27 0.25557954E+25
 0.23976782E+27 0.25430772E+25
 0.23920793E+27 0.25304196E+25
 0.23864709E+27 0.25178222E+25
 0.23808534E+27 0.25052848E+25
 0.23752262E+27 0.24928071E+25
 0.23695900E+27 0.24803889E+25
 0.23639450E+27 0.24680299E+25
 0.23582868E+27 0.24557299E+25
 0.23526275E+27 0.24434885E+25
 0.23469496E+27 0.24313055E+25
 0.23412722E+27 0.24191807E+25
 0.23355890E+27 0.24071137E+25
 0.23298932E+27 0.23951044E+25
 0.23241897E+27 0.23831525E+25
 0.23184751E+27 0.23712577E+25
 0.23127599E+27 0.23594197E+25
 0.23070331E+27 0.23476384E+25
 0.23012962E+27 0.23359135E+25
 0.22955572E+27 0.23242446E+25
 0.22898086E+27 0.23126317E+25
 0.22840519E+27 0.23010743E+25
 0.22782905E+27 0.22895723E+25
 0.22725216E+27 0.22781254E+25
 0.22667451E+27 0.22667334E+25
 0.22609631E+27 0.22553960E+25
 0.22551749E+27 0.22441130E+25
 0.22493805E+27 0.22328842E+25
 0.22435803E+27 0.22217092E+25
 0.22377715E+27 0.22105879E+25
 0.22319628E+27 0.21995200E+25
 0.22261458E+27 0.21885053E+25
 0.22203234E+27 0.21775435E+25
 0.22144955E+27 0.21666345E+25
 0.22086633E+27 0.21557778E+25
 0.22028259E+27 0.21449735E+25
 0.21969837E+27 0.21342211E+25
 0.21911370E+27 0.21235205E+25
 0.21852859E+27 0.21128714E+25
 0.21794305E+27 0.21022736E+25
 0.21735708E+27 0.20917269E+25
 0.21677075E+27 0.20812311E+25
 0.21618398E+27 0.20707858E+25
 0.21559693E+27 0.20603909E+25
 0.21500947E+27 0.20500462E+25
 0.21442173E+27 0.20397514E+25
 0.21383363E+27 0.20295063E+25
 0.21324509E+27 0.20193107E+25
 0.21265652E+27 0.20091644E+25
 0.21206711E+27 0.19990671E+25
 0.21147832E+27 0.19890186E+25
 0.21088887E+27 0.19790187E+25
 0.21029919E+27 0.19690672E+25
 0.20970929E+27 0.19591638E+25
 0.20911920E+27 0.19493084E+25
 0.20852892E+27 0.19395007E+25
 0.20793847E+27 0.19297405E+25
 0.20734788E+27 0.19200276E+25
 0.20675715E+27 0.19103618E+25
 0.20616629E+27 0.19007428E+25
 0.20557533E+27 0.18911705E+25
 0.20498418E+27 0.18816446E+25
 0.20439317E+27 0.18721649E+25
 0.20380198E+27 0.18627313E+25
 0.20321075E+27 0.18533435E+25
 0.20261946E+27 0.18440012E+25
 0.20202818E+27 0.18347044E+25
 0.20143690E+27 0.18254528E+25
 0.20084563E+27 0.18162461E+25
 0.20025411E+27 0.18070842E+25
 0.19966268E+27 0.17979669E+25
 0.19907187E+27 0.17888939E+25
 0.19848072E+27 0.17798651E+25
 0.19788978E+27 0.17708803E+25
 0.19729889E+27 0.17619392E+25
 0.19670805E+27 0.17530417E+25
 0.19611745E+27 0.17441875E+25
 0.19552693E+27 0.17353765E+25
 0.19493661E+27 0.17266085E+25
 0.19434644E+27 0.17178833E+25
 0.19375646E+27 0.17092006E+25
 0.19316670E+27 0.17005603E+25
 0.19257717E+27 0.16919621E+25
 0.19198786E+27 0.16834060E+25
 0.19139865E+27 0.16748916E+25
 0.19080995E+27 0.16664189E+25
 0.19022132E+27 0.16579875E+25
 0.18963311E+27 0.16495974E+25
 0.18904513E+27 0.16412483E+25
 0.18845745E+27 0.16329401E+25
 0.18787012E+27 0.16246725E+25
 0.18728312E+27 0.16164453E+25
 0.18669647E+27 0.16082585E+25
 0.18611019E+27 0.16001117E+25
 0.18552521E+27 0.15920048E+25
 0.18493969E+27 0.15839376E+25
 0.18435457E+27 0.15759100E+25
 0.18376987E+27 0.15679217E+25
 0.18318557E+27 0.15599726E+25
 0.18260084E+27 0.15520625E+25
 0.18201843E+27 0.15441912E+25
 0.18143557E+27 0.15363585E+25
 0.18085314E+27 0.15285642E+25
 0.18027121E+27 0.15208083E+25
 0.17968948E+27 0.15130904E+25
 0.17910887E+27 0.15054104E+25
 0.17852850E+27 0.14977681E+25
 0.17794865E+27 0.14901634E+25
 0.17736929E+27 0.14825961E+25
 0.17679060E+27 0.14750660E+25
 0.17621244E+27 0.14675729E+25
 0.17563493E+27 0.14601167E+25
 0.17505794E+27 0.14526971E+25
 0.17448184E+27 0.14453141E+25
 0.17390589E+27 0.14379674E+25
 0.17333081E+27 0.14306569E+25
 0.17275628E+27 0.14233824E+25
 0.17218259E+27 0.14161437E+25
 0.17160948E+27 0.14089407E+25
 0.17103637E+27 0.14017732E+25
 0.17046447E+27 0.13946410E+25
 0.16989292E+27 0.13875440E+25
 0.16932280E+27 0.13804819E+25
 0.16875320E+27 0.13734547E+25
 0.16818432E+27 0.13664622E+25
 0.16761619E+27 0.13595041E+25
 0.16704881E+27 0.13525804E+25
 0.16648219E+27 0.13456909E+25
 0.16591634E+27 0.13388354E+25
 0.16535128E+27 0.13320138E+25
 0.16478700E+27 0.13252258E+25
 0.16422353E+27 0.13184714E+25
 0.16366089E+27 0.13117503E+25
 0.16309907E+27 0.13050625E+25
 0.16253801E+27 0.12984077E+25
 0.16197806E+27 0.12917858E+25
 0.16141851E+27 0.12851967E+25
 0.16086009E+27 0.12786401E+25
 0.16030245E+27 0.12721160E+25
 0.15974571E+27 0.12656242E+25
 0.15918987E+27 0.12591645E+25
 0.15863493E+27 0.12527367E+25
 0.15808088E+27 0.12463408E+25
 0.15752775E+27 0.12399765E+25
 0.15697534E+27 0.12336438E+25
 0.15642425E+27 0.12273424E+25
 0.15587394E+27 0.12210722E+25
 0.15532458E+27 0.12148331E+25
 0.15477588E+27 0.12086249E+25
 0.15422853E+27 0.12024475E+25
 0.15368201E+27 0.11963006E+25
 0.15313649E+27 0.11901843E+25
 0.15259187E+27 0.11840983E+25
 0.15204831E+27 0.11780424E+25
 0.15150575E+27 0.11720166E+25
 0.15096416E+27 0.11660207E+25
 0.15042354E+27 0.11600545E+25
 0.14988403E+27 0.11541180E+25
 0.14934571E+27 0.11482108E+25
 0.14880816E+27 0.11423330E+25
 0.14827168E+27 0.11364844E+25
 0.14773631E+27 0.11306648E+25
 0.14720165E+27 0.11248741E+25
 0.14666859E+27 0.11191122E+25
 0.14613628E+27 0.11133788E+25
 0.14560511E+27 0.11076740E+25
 0.14507500E+27 0.11019974E+25
 0.14454569E+27 0.10963491E+25
 0.14401782E+27 0.10907289E+25
 0.14349095E+27 0.10851365E+25
 0.14296522E+27 0.10795720E+25
 0.14244059E+27 0.10740351E+25
 0.14191704E+27 0.10685257E+25
 0.14139461E+27 0.10630437E+25
 0.14087337E+27 0.10575890E+25
 0.14035315E+27 0.10521614E+25
 0.13983412E+27 0.10467608E+25
 0.13931622E+27 0.10413870E+25
 0.13879948E+27 0.10360400E+25
 0.13828384E+27 0.10307195E+25
 0.13776944E+27 0.10254255E+25
 0.13725608E+27 0.10201579E+25
 0.13674394E+27 0.10149165E+25
 0.13623303E+27 0.10097011E+25
 0.13572322E+27 0.10045117E+25
 0.13521454E+27 0.99934813E+24
 0.13470716E+27 0.99421025E+24
 0.13420107E+27 0.98909794E+24
 0.13369594E+27 0.98401107E+24
 0.13319187E+27 0.97894953E+24
 0.13268918E+27 0.97391318E+24
 0.13218787E+27 0.96890191E+24
 0.13168738E+27 0.96391558E+24
 0.13118851E+27 0.95895408E+24
 0.13069042E+27 0.95401729E+24
 0.13019391E+27 0.94910508E+24
 0.12969831E+27 0.94421734E+24
 0.12920424E+27 0.93935393E+24
 0.12871107E+27 0.93451475E+24
 0.12821930E+27 0.92969967E+24
 0.12772875E+27 0.92490857E+24
 0.12723949E+27 0.92014134E+24
 0.12675136E+27 0.91539786E+24
 0.12626457E+27 0.91067800E+24
 0.12577897E+27 0.90598166E+24
 0.12529461E+27 0.90130872E+24
 0.12481150E+27 0.89665905E+24
 0.12432964E+27 0.89203256E+24
 0.12384903E+27 0.88742911E+24
 0.12336968E+27 0.88284860E+24
 0.12289158E+27 0.87829092E+24
 0.12241475E+27 0.87375594E+24
 0.12193917E+27 0.86924356E+24
 0.12146486E+27 0.86475367E+24
 0.12099165E+27 0.86028616E+24
 0.12051987E+27 0.85584090E+24
 0.12004936E+27 0.85141780E+24
 0.11958012E+27 0.84701674E+24
 0.11911215E+27 0.84263761E+24
 0.11864546E+27 0.83828031E+24
 0.11818005E+27 0.83394472E+24
 0.11771591E+27 0.82963074E+24
 0.11725305E+27 0.82533826E+24
 0.11679148E+27 0.82106717E+24
 0.11633121E+27 0.81681737E+24
 0.11587217E+27 0.81258875E+24
 0.11541445E+27 0.80838120E+24
 0.11495800E+27 0.80419462E+24
 0.11450285E+27 0.80002891E+24
 0.11404902E+27 0.79588395E+24
 0.11359645E+27 0.79175966E+24
 0.11314517E+27 0.78765592E+24
 0.11269519E+27 0.78357263E+24
 0.11224646E+27 0.77950968E+24
 0.11179908E+27 0.77546699E+24
 0.11135297E+27 0.77144444E+24
 0.11090816E+27 0.76744194E+24
 0.11046462E+27 0.76345938E+24
 0.11002256E+27 0.75949667E+24
 0.10958149E+27 0.75555371E+24
 0.10914182E+27 0.75163039E+24
 0.10870348E+27 0.74772662E+24
 0.10826649E+27 0.74384231E+24
 0.10783076E+27 0.73997734E+24
 0.10739625E+27 0.73613164E+24
 0.10696313E+27 0.73230509E+24
 0.10653129E+27 0.72849761E+24
 0.10610073E+27 0.72470909E+24
 0.10567151E+27 0.72093945E+24
 0.10524358E+27 0.71718859E+24
 0.10481692E+27 0.71345641E+24
 0.10439159E+27 0.70974283E+24
 0.10396754E+27 0.70604774E+24
 0.10354480E+27 0.70237105E+24
 0.10312335E+27 0.69871268E+24
 0.10270321E+27 0.69507253E+24
 0.10228438E+27 0.69145051E+24
 0.10186683E+27 0.68784652E+24
 0.10145055E+27 0.68426048E+24
 0.10103560E+27 0.68069230E+24
 0.10062196E+27 0.67714188E+24
 0.10020961E+27 0.67360915E+24
 0.99798525E+26 0.67009400E+24
 0.99388729E+26 0.66659635E+24
 0.98980248E+26 0.66311611E+24
 0.98573074E+26 0.65965320E+24
 0.98167172E+26 0.65620752E+24
 0.97762560E+26 0.65277900E+24
 0.97359097E+26 0.64936754E+24
 0.96957241E+26 0.64597306E+24
 0.96556521E+26 0.64259547E+24
 0.96157072E+26 0.63923469E+24
 0.95758921E+26 0.63589063E+24
 0.95362045E+26 0.63256321E+24
 0.94966485E+26 0.62925234E+24
 0.94572171E+26 0.62595795E+24
 0.94179161E+26 0.62267994E+24
 0.93787434E+26 0.61941825E+24
 0.93396988E+26 0.61617277E+24
 0.93007832E+26 0.61294344E+24
 0.92619936E+26 0.60973017E+24
 0.92233311E+26 0.60653287E+24
 0.91847997E+26 0.60335148E+24
 0.91463941E+26 0.60018591E+24
 0.91081160E+26 0.59703607E+24
 0.90699661E+26 0.59390189E+24
 0.90319412E+26 0.59078330E+24
 0.89940445E+26 0.58768021E+24
 0.89562755E+26 0.58459254E+24
 0.89186313E+26 0.58152022E+24
 0.88811146E+26 0.57846317E+24
 0.88437253E+26 0.57542130E+24
 0.88064603E+26 0.57239456E+24
 0.87693224E+26 0.56938285E+24
 0.87323104E+26 0.56638611E+24
 0.86954241E+26 0.56340425E+24
 0.86586634E+26 0.56043721E+24
 0.86220281E+26 0.55748490E+24
 0.85855181E+26 0.55454726E+24
 0.85491332E+26 0.55162421E+24
 0.85128586E+26 0.54871567E+24
 0.84767235E+26 0.54582158E+24
 0.84407126E+26 0.54294186E+24
 0.84048262E+26 0.54007643E+24
 0.83690641E+26 0.53722523E+24
 0.83334258E+26 0.53438818E+24
 0.82979112E+26 0.53156522E+24
 0.82625203E+26 0.52875626E+24
 0.82272527E+26 0.52596125E+24
 0.81921083E+26 0.52318011E+24
 0.81570868E+26 0.52041276E+24
 0.81221884E+26 0.51765915E+24
 0.80874124E+26 0.51491920E+24
 0.80527724E+26 0.51219284E+24
 0.80182282E+26 0.50948001E+24
 0.79838179E+26 0.50678063E+24
 0.79495302E+26 0.50409464E+24
 0.79153638E+26 0.50142197E+24
 0.78813192E+26 0.49876256E+24
 0.78473954E+26 0.49611633E+24
 0.78135925E+26 0.49348322E+24
 0.77799234E+26 0.49086317E+24
 0.77463616E+26 0.48825610E+24
 0.77129068E+26 0.48566196E+24
 0.76795852E+26 0.48308068E+24
 0.76463835E+26 0.48051218E+24
 0.76133011E+26 0.47795642E+24
 0.75803521E+26 0.47541333E+24
 0.75474941E+26 0.47288283E+24
 0.75147690E+26 0.47036487E+24
 0.74821630E+26 0.46785939E+24
 0.74496884E+26 0.46536632E+24
 0.74173027E+26 0.46288560E+24
 0.73850519E+26 0.46041716E+24
 0.73529174E+26 0.45796096E+24
 0.73209002E+26 0.45551691E+24
 0.72890012E+26 0.45308497E+24
 0.72572173E+26 0.45066507E+24
 0.72255506E+26 0.44825716E+24
 0.71940008E+26 0.44586116E+24
 0.71625665E+26 0.44347703E+24
 0.71312628E+26 0.44110470E+24
 0.71000463E+26 0.43874411E+24
 0.70689590E+26 0.43639521E+24
 0.70379872E+26 0.43405793E+24
 0.70071302E+26 0.43173222E+24
 0.69763878E+26 0.42941802E+24
 0.69457605E+26 0.42711527E+24
 0.69152459E+26 0.42482392E+24
 0.68848466E+26 0.42254390E+24
 0.68545594E+26 0.42027517E+24
 0.68243863E+26 0.41801765E+24
 0.67943269E+26 0.41577131E+24
 0.67643796E+26 0.41353608E+24
 0.67345442E+26 0.41131190E+24
 0.67048217E+26 0.40909873E+24
 0.66752119E+26 0.40689650E+24
 0.66457124E+26 0.40470515E+24
 0.66163251E+26 0.40252465E+24
 0.65870490E+26 0.40035494E+24
 0.65578845E+26 0.39819595E+24
 0.65288373E+26 0.39604763E+24
 0.64998931E+26 0.39390994E+24
 0.64710590E+26 0.39178282E+24
 0.64423347E+26 0.38966622E+24
 0.64137200E+26 0.38756008E+24
 0.63852146E+26 0.38546435E+24
 0.63568181E+26 0.38337898E+24
 0.63285304E+26 0.38130392E+24
 0.63003511E+26 0.37923912E+24
 0.62722800E+26 0.37718452E+24
 0.62443168E+26 0.37514008E+24
 0.62164613E+26 0.37310575E+24
 0.61887131E+26 0.37108147E+24
 0.61610720E+26 0.36906719E+24
 0.61335375E+26 0.36706287E+24
 0.61061096E+26 0.36506846E+24
 0.60787880E+26 0.36308390E+24
 0.60515722E+26 0.36110915E+24
 0.60244621E+26 0.35914417E+24
 0.59974572E+26 0.35718889E+24
 0.59705576E+26 0.35524327E+24
 0.59437626E+26 0.35330727E+24
 0.59170723E+26 0.35138084E+24
 0.58904861E+26 0.34946393E+24
 0.58640038E+26 0.34755649E+24
 0.58376253E+26 0.34565847E+24
 0.58113506E+26 0.34376984E+24
 0.57851779E+26 0.34189054E+24
 0.57591086E+26 0.34002053E+24
 0.57331418E+26 0.33815976E+24
 0.57072772E+26 0.33630819E+24
 0.56815147E+26 0.33446576E+24
 0.56558535E+26 0.33263245E+24
 0.56302938E+26 0.33080819E+24
 0.56048358E+26 0.32899295E+24
 0.55794774E+26 0.32718669E+24
 0.55542200E+26 0.32538935E+24
 0.55290629E+26 0.32360089E+24
 0.55040056E+26 0.32182128E+24
 0.54790480E+26 0.32005047E+24
 0.54541897E+26 0.31828841E+24
 0.54294319E+26 0.31653506E+24
 0.54047715E+26 0.31479038E+24
 0.53802094E+26 0.31305432E+24
 0.53557455E+26 0.31132685E+24
 0.53313795E+26 0.30960792E+24
 0.53071117E+26 0.30789750E+24
 0.52829400E+26 0.30619553E+24
 0.52588659E+26 0.30450198E+24
 0.52348886E+26 0.30281681E+24
 0.52110076E+26 0.30113997E+24
 0.51872228E+26 0.29947143E+24
 0.51635338E+26 0.29781114E+24
 0.51399404E+26 0.29615907E+24
 0.51164422E+26 0.29451517E+24
 0.50930391E+26 0.29287941E+24
 0.50697306E+26 0.29125175E+24
 0.50465165E+26 0.28963214E+24
 0.50233965E+26 0.28802055E+24
 0.50003703E+26 0.28641694E+24
 0.49774381E+26 0.28482126E+24
 0.49545981E+26 0.28323349E+24
 0.49318516E+26 0.28165359E+24
 0.49091978E+26 0.28008151E+24
 0.48866362E+26 0.27851721E+24
 0.48641668E+26 0.27696067E+24
 0.48417891E+26 0.27541184E+24
 0.48195030E+26 0.27387069E+24
 0.47973080E+26 0.27233717E+24
 0.47752039E+26 0.27081126E+24
 0.47531905E+26 0.26929291E+24
 0.47312673E+26 0.26778209E+24
 0.47094343E+26 0.26627876E+24
 0.46876909E+26 0.26478290E+24
 0.46660371E+26 0.26329445E+24
 0.46444724E+26 0.26181339E+24
 0.46229966E+26 0.26033968E+24
 0.46016093E+26 0.25887328E+24
 0.45803104E+26 0.25741417E+24
 0.45590996E+26 0.25596230E+24
 0.45379764E+26 0.25451764E+24
 0.45169407E+26 0.25308016E+24
 0.44959922E+26 0.25164982E+24
 0.44751305E+26 0.25022659E+24
 0.44543556E+26 0.24881044E+24
 0.44336667E+26 0.24740132E+24
 0.44130639E+26 0.24599922E+24
 0.43925469E+26 0.24460408E+24
 0.43721153E+26 0.24321589E+24
 0.43517690E+26 0.24183461E+24
 0.43315073E+26 0.24046021E+24
 0.43113304E+26 0.23909264E+24
 0.42912377E+26 0.23773189E+24
 0.42712291E+26 0.23637792E+24
 0.42513042E+26 0.23503069E+24
 0.42314628E+26 0.23369018E+24
 0.42117045E+26 0.23235635E+24
 0.41920292E+26 0.23102918E+24
 0.41724364E+26 0.22970862E+24
 0.41529259E+26 0.22839466E+24
 0.41334976E+26 0.22708725E+24
 0.41141509E+26 0.22578637E+24
 0.40948859E+26 0.22449199E+24
 0.40757020E+26 0.22320407E+24
 0.40565990E+26 0.22192259E+24
 0.40375766E+26 0.22064752E+24
 0.40186346E+26 0.21937883E+24
 0.39997679E+26 0.21811648E+24
 0.39809859E+26 0.21686045E+24
 0.39622834E+26 0.21561070E+24
 0.39436602E+26 0.21436722E+24
 0.39251159E+26 0.21312996E+24
 0.39066504E+26 0.21189891E+24
 0.38882633E+26 0.21067402E+24
 0.38699544E+26 0.20945528E+24
 0.38517233E+26 0.20824265E+24
 0.38335699E+26 0.20703611E+24
 0.38154937E+26 0.20583563E+24
 0.37974947E+26 0.20464118E+24
 0.37795724E+26 0.20345273E+24
 0.37617267E+26 0.20227025E+24
 0.37439572E+26 0.20109372E+24
 0.37262637E+26 0.19992311E+24
 0.37086459E+26 0.19875840E+24
 0.36911035E+26 0.19759954E+24
 0.36736363E+26 0.19644653E+24
 0.36562440E+26 0.19529932E+24
 0.36389263E+26 0.19415791E+24
 0.36216829E+26 0.19302224E+24
 0.36045136E+26 0.19189231E+24
 0.35874183E+26 0.19076809E+24
 0.35703964E+26 0.18964955E+24
 0.35534478E+26 0.18853665E+24
 0.35365723E+26 0.18742939E+24
 0.35197695E+26 0.18632773E+24
 0.35030392E+26 0.18523164E+24
 0.34863811E+26 0.18414111E+24
 0.34697950E+26 0.18305610E+24
 0.34532806E+26 0.18197659E+24
 0.34368377E+26 0.18090255E+24
 0.34204659E+26 0.17983397E+24
 0.34041651E+26 0.17877081E+24
 0.33879349E+26 0.17771305E+24
 0.33717752E+26 0.17666067E+24
 0.33556855E+26 0.17561365E+24
 0.33396657E+26 0.17457195E+24
 0.33237156E+26 0.17353555E+24
 0.33078349E+26 0.17250443E+24
 0.32920232E+26 0.17147857E+24
 0.32762804E+26 0.17045795E+24
 0.32606062E+26 0.16944253E+24
 0.32450004E+26 0.16843230E+24
 0.32294626E+26 0.16742722E+24
 0.32139927E+26 0.16642729E+24
 0.31985903E+26 0.16543248E+24
 0.31832553E+26 0.16444275E+24
 0.31679874E+26 0.16345810E+24
 0.31527862E+26 0.16247849E+24
 0.31376517E+26 0.16150391E+24
 0.31225834E+26 0.16053433E+24
 0.31075812E+26 0.15956973E+24
 0.30926449E+26 0.15861008E+24
 0.30777741E+26 0.15765537E+24
 0.30629687E+26 0.15670558E+24
 0.30482283E+26 0.15576067E+24
 0.30335528E+26 0.15482064E+24
 0.30189419E+26 0.15388545E+24
 0.30043952E+26 0.15295509E+24
 0.29899127E+26 0.15202953E+24
 0.29754941E+26 0.15110875E+24
 0.29611390E+26 0.15019274E+24
 0.29468473E+26 0.14928147E+24
 0.29326188E+26 0.14837492E+24
 0.29184531E+26 0.14747306E+24
 0.29043501E+26 0.14657588E+24
 0.28903094E+26 0.14568336E+24
 0.28763309E+26 0.14479548E+24
 0.28624144E+26 0.14391221E+24
 0.28485595E+26 0.14303354E+24
 0.28347661E+26 0.14215944E+24
 0.28210339E+26 0.14128989E+24
 0.28073626E+26 0.14042488E+24
 0.27937521E+26 0.13956439E+24
 0.27802020E+26 0.13870839E+24
 0.27667123E+26 0.13785686E+24
 0.27532825E+26 0.13700979E+24
 0.27399126E+26 0.13616715E+24
 0.27266022E+26 0.13532893E+24
 0.27133512E+26 0.13449511E+24
 0.27001592E+26 0.13366566E+24
 0.26870261E+26 0.13284056E+24
 0.26739517E+26 0.13201981E+24
 0.26609357E+26 0.13120338E+24
 0.26479778E+26 0.13039124E+24
 0.26350779E+26 0.12958339E+24
 0.26222358E+26 0.12877979E+24
 0.26094511E+26 0.12798045E+24
 0.25967237E+26 0.12718532E+24
 0.25840533E+26 0.12639440E+24
 0.25714398E+26 0.12560767E+24
 0.25588828E+26 0.12482511E+24
 0.25463822E+26 0.12404670E+24
 0.25339378E+26 0.12327242E+24
 0.25215493E+26 0.12250226E+24
 0.25092165E+26 0.12173619E+24
 0.24969392E+26 0.12097420E+24
 0.24847172E+26 0.12021627E+24
 0.24725502E+26 0.11946238E+24
 0.24604380E+26 0.11871252E+24
 0.24483804E+26 0.11796666E+24
 0.24363772E+26 0.11722479E+24
 0.24244282E+26 0.11648690E+24
 0.24125331E+26 0.11575296E+24
 0.24006918E+26 0.11502296E+24
 0.23889040E+26 0.11429687E+24
 0.23771695E+26 0.11357469E+24
 0.23654881E+26 0.11285640E+24
 0.23538596E+26 0.11214197E+24
 0.23422837E+26 0.11143139E+24
 0.23307603E+26 0.11072465E+24
 0.23192892E+26 0.11002172E+24
 0.23078701E+26 0.10932260E+24
 0.22965028E+26 0.10862726E+24
 0.22851871E+26 0.10793568E+24
 0.22739228E+26 0.10724786E+24
 0.22627098E+26 0.10656377E+24
 0.22515477E+26 0.10588340E+24
 0.22404364E+26 0.10520673E+24
 0.22293757E+26 0.10453375E+24
 0.22183653E+26 0.10386443E+24
 0.22074051E+26 0.10319877E+24
 0.21964949E+26 0.10253674E+24
 0.21856345E+26 0.10187834E+24
 0.21748235E+26 0.10122353E+24
 0.21640620E+26 0.10057232E+24
 0.21533496E+26 0.99924682E+23
 0.21426861E+26 0.99280598E+23
 0.21320714E+26 0.98640056E+23
 0.21215053E+26 0.98003040E+23
 0.21109875E+26 0.97369534E+23
 0.21005179E+26 0.96739522E+23
 0.20900962E+26 0.96112989E+23
 0.20797222E+26 0.95489920E+23
 0.20693959E+26 0.94870300E+23
 0.20591169E+26 0.94254112E+23
 0.20488850E+26 0.93641342E+23
 0.20387002E+26 0.93031974E+23
 0.20285621E+26 0.92425995E+23
 0.20184706E+26 0.91823387E+23
 0.20084255E+26 0.91224137E+23
 0.19984267E+26 0.90628230E+23
 0.19884738E+26 0.90035650E+23
 0.19785667E+26 0.89446383E+23
 0.19687053E+26 0.88860414E+23
 0.19588893E+26 0.88277729E+23
 0.19491186E+26 0.87698312E+23
 0.19393930E+26 0.87122149E+23
 0.19297122E+26 0.86549226E+23
 0.19200761E+26 0.85979528E+23
 0.19104845E+26 0.85413040E+23
 0.19009372E+26 0.84849749E+23
 0.18914341E+26 0.84289639E+23
 0.18819749E+26 0.83732698E+23
 0.18725594E+26 0.83178909E+23
 0.18631876E+26 0.82628260E+23
 0.18538591E+26 0.82080736E+23
 0.18445739E+26 0.81536323E+23
 0.18353317E+26 0.80995007E+23
 0.18261323E+26 0.80456774E+23
 0.18169756E+26 0.79921610E+23
 0.18078614E+26 0.79389501E+23
 0.17987896E+26 0.78860434E+23
 0.17897598E+26 0.78334394E+23
 0.17807720E+26 0.77811369E+23
 0.17718260E+26 0.77291343E+23
 0.17629216E+26 0.76774304E+23
 0.17540587E+26 0.76260238E+23
 0.17452370E+26 0.75749132E+23
 0.17364563E+26 0.75240971E+23
 0.17277166E+26 0.74735743E+23
 0.17190176E+26 0.74233435E+23
 0.17103591E+26 0.73734032E+23
 0.17017410E+26 0.73237521E+23
 0.16931632E+26 0.72743888E+23
 0.16846254E+26 0.72253123E+23
 0.16761274E+26 0.71765211E+23
 0.16676692E+26 0.71280139E+23
 0.16592505E+26 0.70797893E+23
 0.16508711E+26 0.70318448E+23
 0.16425310E+26 0.69841817E+23
 0.16342299E+26 0.69367973E+23
 0.16259676E+26 0.68896904E+23
 0.16177440E+26 0.68428598E+23
 0.16095590E+26 0.67963040E+23
 0.16014123E+26 0.67500219E+23
 0.15933038E+26 0.67040122E+23
 0.15852334E+26 0.66582735E+23
 0.15772008E+26 0.66128047E+23
 0.15692059E+26 0.65676045E+23
 0.15612486E+26 0.65226716E+23
 0.15533287E+26 0.64780047E+23
 0.15454459E+26 0.64336027E+23
 0.15376003E+26 0.63894643E+23
 0.15297915E+26 0.63455882E+23
 0.15220195E+26 0.63019732E+23
 0.15142841E+26 0.62586181E+23
 0.15065851E+26 0.62155216E+23
 0.14989223E+26 0.61726825E+23
 0.14912957E+26 0.61300997E+23
 0.14837050E+26 0.60877718E+23
 0.14761502E+26 0.60456978E+23
 0.14686309E+26 0.60038763E+23
 0.14611472E+26 0.59623061E+23
 0.14536988E+26 0.59209862E+23
 0.14462855E+26 0.58799152E+23
 0.14389073E+26 0.58390920E+23
 0.14315640E+26 0.57985154E+23
 0.14242554E+26 0.57581842E+23
 0.14169814E+26 0.57180974E+23
 0.14097417E+26 0.56782535E+23
 0.14025364E+26 0.56386515E+23
 0.13953652E+26 0.55992902E+23
 0.13882279E+26 0.55601685E+23
 0.13811245E+26 0.55212852E+23
 0.13740547E+26 0.54826391E+23
 0.13670185E+26 0.54442291E+23
 0.13600156E+26 0.54060540E+23
 0.13530460E+26 0.53681128E+23
 0.13461095E+26 0.53304042E+23
 0.13392059E+26 0.52929271E+23
 0.13323351E+26 0.52556803E+23
 0.13254969E+26 0.52186629E+23
 0.13186913E+26 0.51818735E+23
 0.13119180E+26 0.51453112E+23
 0.13051770E+26 0.51089748E+23
 0.12984680E+26 0.50728631E+23
 0.12917910E+26 0.50369750E+23
 0.12851457E+26 0.50013095E+23
 0.12785322E+26 0.49658655E+23
 0.12719501E+26 0.49306418E+23
 0.12653994E+26 0.48956372E+23
 0.12588800E+26 0.48608509E+23
 0.12523917E+26 0.48262817E+23
 0.12459343E+26 0.47919284E+23
 0.12395078E+26 0.47577900E+23
 0.12331119E+26 0.47238654E+23
 0.12267466E+26 0.46901535E+23
 0.12204117E+26 0.46566534E+23
 0.12141071E+26 0.46233638E+23
 0.12078327E+26 0.45902837E+23
 0.12015882E+26 0.45574121E+23
 0.11953737E+26 0.45247479E+23
 0.11891888E+26 0.44922901E+23
 0.11830335E+26 0.44600376E+23
 0.11769078E+26 0.44279893E+23
 0.11708114E+26 0.43961442E+23
 0.11647443E+26 0.43645013E+23
 0.11587062E+26 0.43330596E+23
 0.11526971E+26 0.43018179E+23
 0.11467169E+26 0.42707753E+23
 0.11407653E+26 0.42399308E+23
 0.11348423E+26 0.42092832E+23
 0.11289478E+26 0.41788317E+23
 0.11230815E+26 0.41485752E+23
 0.11172436E+26 0.41185126E+23
 0.11114337E+26 0.40886430E+23
 0.11056516E+26 0.40589654E+23
 0.10998974E+26 0.40294787E+23
 0.10941709E+26 0.40001820E+23
 0.10884719E+26 0.39710742E+23
 0.10828003E+26 0.39421544E+23
 0.10771561E+26 0.39134216E+23
 0.10715391E+26 0.38848748E+23
 0.10659491E+26 0.38565129E+23
 0.10603861E+26 0.38283352E+23
 0.10548500E+26 0.38003405E+23
 0.10493405E+26 0.37725278E+23
 0.10438576E+26 0.37448963E+23
 0.10384012E+26 0.37174450E+23
 0.10329711E+26 0.36901729E+23
 0.10275672E+26 0.36630789E+23
 0.10221895E+26 0.36361623E+23
 0.10168378E+26 0.36094220E+23
 0.10115119E+26 0.35828571E+23
 0.10062118E+26 0.35564666E+23
 0.10009373E+26 0.35302497E+23
 0.99568832E+25 0.35042053E+23
 0.99046476E+25 0.34783325E+23
 0.98526651E+25 0.34526304E+23
 0.98009343E+25 0.34270980E+23
 0.97494541E+25 0.34017345E+23
 0.96982234E+25 0.33765390E+23
 0.96472411E+25 0.33515104E+23
 0.95965061E+25 0.33266480E+23
 0.95460171E+25 0.33019508E+23
 0.94957731E+25 0.32774178E+23
 0.94457731E+25 0.32530482E+23
 0.93960158E+25 0.32288411E+23
 0.93465001E+25 0.32047955E+23
 0.92972250E+25 0.31809107E+23
 0.92481894E+25 0.31571856E+23
 0.91993922E+25 0.31336195E+23
 0.91508322E+25 0.31102113E+23
 0.91025085E+25 0.30869603E+23
 0.90544199E+25 0.30638656E+23
 0.90065654E+25 0.30409262E+23
 0.89589438E+25 0.30181414E+23
 0.89115542E+25 0.29955102E+23
 0.88643954E+25 0.29730318E+23
 0.88174665E+25 0.29507053E+23
 0.87707663E+25 0.29285299E+23
 0.87242938E+25 0.29065048E+23
 0.86780480E+25 0.28846290E+23
 0.86320278E+25 0.28629017E+23
 0.85862322E+25 0.28413221E+23
 0.85406602E+25 0.28198893E+23
 0.84953108E+25 0.27986025E+23
 0.84501829E+25 0.27774609E+23
 0.84052755E+25 0.27564636E+23
 0.83605876E+25 0.27356098E+23
 0.83161182E+25 0.27148987E+23
 0.82718663E+25 0.26943295E+23
 0.82278309E+25 0.26739013E+23
 0.81840109E+25 0.26536133E+23
 0.81404055E+25 0.26334648E+23
 0.80970137E+25 0.26134549E+23
 0.80538343E+25 0.25935828E+23
 0.80108666E+25 0.25738476E+23
 0.79681094E+25 0.25542487E+23
 0.79255619E+25 0.25347852E+23
 0.78832230E+25 0.25154564E+23
 0.78410919E+25 0.24962614E+23
 0.77991674E+25 0.24771994E+23
 0.77574488E+25 0.24582697E+23
 0.77159350E+25 0.24394714E+23
 0.76746252E+25 0.24208039E+23
 0.76335182E+25 0.24022664E+23
 0.75926134E+25 0.23838580E+23
 0.75519096E+25 0.23655780E+23
 0.75114060E+25 0.23474257E+23
 0.74711016E+25 0.23294002E+23
 0.74309955E+25 0.23115009E+23
 0.73910869E+25 0.22937270E+23
 0.73513748E+25 0.22760777E+23
 0.73118583E+25 0.22585523E+23
 0.72725364E+25 0.22411501E+23
 0.72334084E+25 0.22238702E+23
 0.71944732E+25 0.22067121E+23
 0.71557300E+25 0.21896748E+23
 0.71171780E+25 0.21727578E+23
 0.70788162E+25 0.21559602E+23
 0.70406438E+25 0.21392814E+23
 0.70026598E+25 0.21227207E+23
 0.69648634E+25 0.21062772E+23
 0.69272538E+25 0.20899504E+23
 0.68898301E+25 0.20737394E+23
 0.68525913E+25 0.20576437E+23
 0.68155367E+25 0.20416624E+23
 0.67786655E+25 0.20257949E+23
 0.67419766E+25 0.20100405E+23
 0.67054694E+25 0.19943985E+23
 0.66691430E+25 0.19788682E+23
 0.66329965E+25 0.19634489E+23
 0.65970290E+25 0.19481399E+23
 0.65612399E+25 0.19329406E+23
 0.65256282E+25 0.19178502E+23
 0.64901931E+25 0.19028681E+23
 0.64549338E+25 0.18879937E+23
 0.64198495E+25 0.18732261E+23
 0.63849393E+25 0.18585649E+23
 0.63502025E+25 0.18440093E+23
 0.63156383E+25 0.18295586E+23
 0.62812458E+25 0.18152122E+23
 0.62470243E+25 0.18009695E+23
 0.62129730E+25 0.17868297E+23
 0.61790910E+25 0.17727923E+23
 0.61453776E+25 0.17588566E+23
 0.61118320E+25 0.17450220E+23
 0.60784534E+25 0.17312878E+23
 0.60452411E+25 0.17176533E+23
 0.60121943E+25 0.17041180E+23
 0.59793121E+25 0.16906813E+23
 0.59465939E+25 0.16773424E+23
 0.59140389E+25 0.16641008E+23
 0.58816463E+25 0.16509559E+23
 0.58494153E+25 0.16379070E+23
 0.58173452E+25 0.16249535E+23
 0.57854354E+25 0.16120948E+23
 0.57536849E+25 0.15993303E+23
 0.57220931E+25 0.15866594E+23
 0.56906592E+25 0.15740815E+23
 0.56593825E+25 0.15615960E+23
 0.56282623E+25 0.15492023E+23
 0.55972979E+25 0.15368998E+23
 0.55664884E+25 0.15246879E+23
 0.55358333E+25 0.15125660E+23
 0.55053317E+25 0.15005336E+23
 0.54749830E+25 0.14885900E+23
 0.54447864E+25 0.14767347E+23
 0.54147412E+25 0.14649671E+23
 0.53848467E+25 0.14532867E+23
 0.53551023E+25 0.14416928E+23
 0.53255072E+25 0.14301849E+23
 0.52960605E+25 0.14187625E+23
 0.52667619E+25 0.14074249E+23
 0.52376106E+25 0.13961716E+23
 0.52086059E+25 0.13850021E+23
 0.51797470E+25 0.13739158E+23
 0.51510333E+25 0.13629121E+23
 0.51224642E+25 0.13519906E+23
 0.50940388E+25 0.13411506E+23
 0.50657567E+25 0.13303916E+23
 0.50376170E+25 0.13197131E+23
 0.50096192E+25 0.13091146E+23
 0.49817625E+25 0.12985955E+23
 0.49540463E+25 0.12881552E+23
 0.49264700E+25 0.12777934E+23
 0.48990329E+25 0.12675094E+23
 0.48717343E+25 0.12573026E+23
 0.48445737E+25 0.12471727E+23
 0.48175503E+25 0.12371191E+23
 0.47906635E+25 0.12271412E+23
 0.47639127E+25 0.12172386E+23
 0.47372972E+25 0.12074108E+23
 0.47108164E+25 0.11976572E+23
 0.46844697E+25 0.11879773E+23
 0.46582565E+25 0.11783707E+23
 0.46321761E+25 0.11688369E+23
 0.46062279E+25 0.11593753E+23
 0.45804112E+25 0.11499855E+23
 0.45547256E+25 0.11406669E+23
 0.45291702E+25 0.11314191E+23
 0.45037447E+25 0.11222417E+23
 0.44784482E+25 0.11131341E+23
 0.44532803E+25 0.11040958E+23
 0.44282403E+25 0.10951264E+23
 0.44033277E+25 0.10862254E+23
 0.43785418E+25 0.10773924E+23
 0.43538820E+25 0.10686268E+23
 0.43293477E+25 0.10599282E+23
 0.43049385E+25 0.10512962E+23
 0.42806536E+25 0.10427303E+23
 0.42564924E+25 0.10342300E+23
 0.42324545E+25 0.10257948E+23
 0.42085392E+25 0.10174244E+23
 0.41847460E+25 0.10091183E+23
 0.41610743E+25 0.10008759E+23
 0.41375234E+25 0.99269701E+22
 0.41140929E+25 0.98458102E+22
 0.40907822E+25 0.97652754E+22
 0.40675907E+25 0.96853613E+22
 0.40445178E+25 0.96060636E+22
 0.40215631E+25 0.95273779E+22
 0.39987259E+25 0.94493000E+22
 0.39760057E+25 0.93718256E+22
 0.39534019E+25 0.92949505E+22
 0.39309140E+25 0.92186705E+22
 0.39085414E+25 0.91429813E+22
 0.38862837E+25 0.90678789E+22
 0.38641402E+25 0.89933591E+22
 0.38421105E+25 0.89194178E+22
 0.38201940E+25 0.88460508E+22
 0.37983901E+25 0.87732542E+22
 0.37766983E+25 0.87010239E+22
 0.37551182E+25 0.86293559E+22
 0.37336491E+25 0.85582462E+22
 0.37122906E+25 0.84876908E+22
 0.36910421E+25 0.84176857E+22
 0.36699031E+25 0.83482272E+22
 0.36488731E+25 0.82793112E+22
 0.36279516E+25 0.82109339E+22
 0.36071381E+25 0.81430915E+22
 0.35864320E+25 0.80757801E+22
 0.35658330E+25 0.80089960E+22
 0.35453403E+25 0.79427352E+22
 0.35249536E+25 0.78769942E+22
 0.35046724E+25 0.78117691E+22
 0.34844961E+25 0.77470563E+22
 0.34644243E+25 0.76828520E+22
 0.34444564E+25 0.76191527E+22
 0.34245920E+25 0.75559545E+22
 0.34048306E+25 0.74932541E+22
 0.33851717E+25 0.74310476E+22
 0.33656148E+25 0.73693316E+22
 0.33461594E+25 0.73081026E+22
 0.33268051E+25 0.72473569E+22
 0.33075514E+25 0.71870911E+22
 0.32883978E+25 0.71273016E+22
 0.32693437E+25 0.70679851E+22
 0.32503889E+25 0.70091381E+22
 0.32315327E+25 0.69507571E+22
 0.32127748E+25 0.68928387E+22
 0.31941146E+25 0.68353797E+22
 0.31755516E+25 0.67783765E+22
 0.31570856E+25 0.67218259E+22
 0.31387159E+25 0.66657246E+22
 0.31204421E+25 0.66100693E+22
 0.31022637E+25 0.65548566E+22
 0.30841804E+25 0.65000834E+22
 0.30661916E+25 0.64457464E+22
 0.30482969E+25 0.63918424E+22
 0.30304959E+25 0.63383682E+22
 0.30127881E+25 0.62853206E+22
 0.29951731E+25 0.62326966E+22
 0.29776504E+25 0.61804929E+22
 0.29602197E+25 0.61287064E+22
 0.29428803E+25 0.60773341E+22
 0.29256320E+25 0.60263729E+22
 0.29084743E+25 0.59758197E+22
 0.28914068E+25 0.59256715E+22
 0.28744289E+25 0.58759253E+22
 0.28575404E+25 0.58265781E+22
 0.28407408E+25 0.57776270E+22
 0.28240296E+25 0.57290689E+22
 0.28074065E+25 0.56809010E+22
 0.27908710E+25 0.56331204E+22
 0.27744227E+25 0.55857240E+22
 0.27580611E+25 0.55387092E+22
 0.27417860E+25 0.54920729E+22
 0.27255968E+25 0.54458124E+22
 0.27094931E+25 0.53999249E+22
 0.26934746E+25 0.53544075E+22
 0.26775409E+25 0.53092575E+22
 0.26616914E+25 0.52644721E+22
 0.26459259E+25 0.52200486E+22
 0.26302439E+25 0.51759842E+22
 0.26146451E+25 0.51322762E+22
 0.25991290E+25 0.50889220E+22
 0.25836952E+25 0.50459188E+22
 0.25683434E+25 0.50032641E+22
 0.25530731E+25 0.49609551E+22
 0.25378840E+25 0.49189892E+22
 0.25227756E+25 0.48773640E+22
 0.25077477E+25 0.48360766E+22
 0.24927998E+25 0.47951247E+22
 0.24779314E+25 0.47545057E+22
 0.24631423E+25 0.47142169E+22
 0.24484321E+25 0.46742560E+22
 0.24338003E+25 0.46346204E+22
 0.24192467E+25 0.45953076E+22
 0.24047708E+25 0.45563152E+22
 0.23903722E+25 0.45176406E+22
 0.23760506E+25 0.44792816E+22
 0.23618057E+25 0.44412356E+22
 0.23476370E+25 0.44035004E+22
 0.23335441E+25 0.43660734E+22
 0.23195268E+25 0.43289523E+22
 0.23055847E+25 0.42921348E+22
 0.22917173E+25 0.42556186E+22
 0.22779244E+25 0.42194013E+22
 0.22642056E+25 0.41834806E+22
 0.22505605E+25 0.41478543E+22
 0.22369887E+25 0.41125201E+22
 0.22234900E+25 0.40774756E+22
 0.22100639E+25 0.40427188E+22
 0.21967101E+25 0.40082474E+22
 0.21834283E+25 0.39740591E+22
 0.21702181E+25 0.39401517E+22
 0.21570792E+25 0.39065232E+22
 0.21440112E+25 0.38731713E+22
 0.21310138E+25 0.38400939E+22
 0.21180866E+25 0.38072889E+22
 0.21052293E+25 0.37747541E+22
 0.20924416E+25 0.37424874E+22
 0.20797232E+25 0.37104868E+22
 0.20670736E+25 0.36787502E+22
 0.20544926E+25 0.36472756E+22
 0.20419798E+25 0.36160608E+22
 0.20295349E+25 0.35851039E+22
 0.20171576E+25 0.35544028E+22
 0.20048476E+25 0.35239556E+22
 0.19926044E+25 0.34937603E+22
 0.19804279E+25 0.34638148E+22
 0.19683176E+25 0.34341173E+22
 0.19562733E+25 0.34046658E+22
 0.19442945E+25 0.33754584E+22
 0.19323811E+25 0.33464931E+22
 0.19205327E+25 0.33177681E+22
 0.19087490E+25 0.32892814E+22
 0.18970297E+25 0.32610312E+22
 0.18853744E+25 0.32330157E+22
 0.18737829E+25 0.32052329E+22
 0.18622548E+25 0.31776811E+22
 0.18507898E+25 0.31503585E+22
 0.18393876E+25 0.31232631E+22
 0.18280480E+25 0.30963933E+22
 0.18167705E+25 0.30697472E+22
 0.18055550E+25 0.30433231E+22
 0.17944011E+25 0.30171192E+22
 0.17833084E+25 0.29911338E+22
 0.17722768E+25 0.29653651E+22
 0.17613059E+25 0.29398115E+22
 0.17503954E+25 0.29144712E+22
 0.17395450E+25 0.28893425E+22
 0.17287544E+25 0.28644238E+22
 0.17180233E+25 0.28397133E+22
 0.17073515E+25 0.28152095E+22
 0.16967386E+25 0.27909107E+22
 0.16861844E+25 0.27668152E+22
 0.16756886E+25 0.27429214E+22
 0.16652508E+25 0.27192277E+22
 0.16548709E+25 0.26957326E+22
 0.16445483E+25 0.26724344E+22
 0.16342832E+25 0.26493316E+22
 0.16240749E+25 0.26264226E+22
 0.16139234E+25 0.26037058E+22
 0.16038282E+25 0.25811797E+22
 0.15937892E+25 0.25588429E+22
 0.15838060E+25 0.25366937E+22
 0.15738784E+25 0.25147306E+22
 0.15640060E+25 0.24929523E+22
 0.15541887E+25 0.24713571E+22
 0.15444262E+25 0.24499437E+22
 0.15347181E+25 0.24287105E+22
 0.15250643E+25 0.24076561E+22
 0.15154644E+25 0.23867791E+22
 0.15059182E+25 0.23660780E+22
 0.14964255E+25 0.23455515E+22
 0.14869859E+25 0.23251980E+22
 0.14775992E+25 0.23050163E+22
 0.14682651E+25 0.22850050E+22
 0.14589834E+25 0.22651626E+22
 0.14497538E+25 0.22454877E+22
 0.14405761E+25 0.22259792E+22
 0.14314500E+25 0.22066355E+22
 0.14223752E+25 0.21874554E+22
 0.14133515E+25 0.21684375E+22
 0.14043787E+25 0.21495805E+22
 0.13954568E+25 0.21308832E+22
 0.13865849E+25 0.21123441E+22
 0.13777631E+25 0.20939622E+22
 0.13689911E+25 0.20757359E+22
 0.13602687E+25 0.20576642E+22
 0.13515957E+25 0.20397457E+22
 0.13429717E+25 0.20219792E+22
 0.13343966E+25 0.20043635E+22
 0.13258702E+25 0.19868973E+22
 0.13173921E+25 0.19695794E+22
 0.13089621E+25 0.19524086E+22
 0.13005817E+25 0.19353837E+22
 0.12922473E+25 0.19185035E+22
 0.12839603E+25 0.19017668E+22
 0.12757205E+25 0.18851725E+22
 0.12675277E+25 0.18687194E+22
 0.12593780E+25 0.18524063E+22
 0.12512784E+25 0.18362322E+22
 0.12432250E+25 0.18201957E+22
 0.12352176E+25 0.18042960E+22
 0.12272560E+25 0.17885317E+22
 0.12193400E+25 0.17729018E+22
 0.12114693E+25 0.17574052E+22
 0.12036437E+25 0.17420408E+22
 0.11958629E+25 0.17268075E+22
 0.11881269E+25 0.17117043E+22
 0.11804352E+25 0.16967300E+22
 0.11727878E+25 0.16818836E+22
 0.11651843E+25 0.16671641E+22
 0.11576247E+25 0.16525704E+22
 0.11501085E+25 0.16381015E+22
 0.11426357E+25 0.16237563E+22
 0.11352060E+25 0.16095338E+22
 0.11278192E+25 0.15954331E+22
 0.11204751E+25 0.15814531E+22
 0.11131734E+25 0.15675927E+22
 0.11059140E+25 0.15538512E+22
 0.10986966E+25 0.15402273E+22
 0.10915210E+25 0.15267202E+22
 0.10843871E+25 0.15133289E+22
 0.10772945E+25 0.15000525E+22
 0.10702432E+25 0.14868900E+22
 0.10632328E+25 0.14738404E+22
 0.10562632E+25 0.14609028E+22
 0.10493342E+25 0.14480763E+22
 0.10424455E+25 0.14353600E+22
 0.10355970E+25 0.14227530E+22
 0.10287885E+25 0.14102542E+22
 0.10220197E+25 0.13978629E+22
 0.10152905E+25 0.13855782E+22
 0.10086006E+25 0.13733991E+22
 0.10019499E+25 0.13613249E+22
 0.99533817E+24 0.13493545E+22
 0.98876516E+24 0.13374872E+22
 0.98223072E+24 0.13257221E+22
 0.97573465E+24 0.13140583E+22
 0.96927674E+24 0.13024950E+22
 0.96285681E+24 0.12910313E+22
 0.95647466E+24 0.12796665E+22
 0.95013010E+24 0.12683997E+22
 0.94382294E+24 0.12572301E+22
 0.93755298E+24 0.12461568E+22
 0.93132004E+24 0.12351791E+22
 0.92512392E+24 0.12242962E+22
 0.91896444E+24 0.12135073E+22
 0.91284142E+24 0.12028115E+22
 0.90675466E+24 0.11922081E+22
 0.90070397E+24 0.11816964E+22
 0.89468919E+24 0.11712755E+22
 0.88871011E+24 0.11609448E+22
 0.88276663E+24 0.11507034E+22
 0.87685843E+24 0.11405506E+22
 0.87098538E+24 0.11304856E+22
 0.86514731E+24 0.11205077E+22
 0.85934405E+24 0.11106163E+22
 0.85357540E+24 0.11008105E+22
 0.84784121E+24 0.10910896E+22
 0.84214127E+24 0.10814530E+22
 0.83647543E+24 0.10718999E+22
 0.83084350E+24 0.10624296E+22
 0.82524531E+24 0.10530414E+22
 0.81968068E+24 0.10437346E+22
 0.81414945E+24 0.10345086E+22
 0.80865143E+24 0.10253626E+22
 0.80318645E+24 0.10162961E+22
 0.79775436E+24 0.10073082E+22
 0.79235496E+24 0.99839839E+21
 0.78698810E+24 0.98956596E+21
 0.78165360E+24 0.98081028E+21
 0.77635130E+24 0.97213068E+21
 0.77108103E+24 0.96352652E+21
 0.76584262E+24 0.95499718E+21
 0.76063591E+24 0.94654201E+21
 0.75546073E+24 0.93816039E+21
 0.75031692E+24 0.92985169E+21
 0.74520431E+24 0.92161530E+21
 0.74012275E+24 0.91345061E+21
 0.73507206E+24 0.90535701E+21
 0.73005208E+24 0.89733389E+21
 0.72506267E+24 0.88938066E+21
 0.72010365E+24 0.88149672E+21
 0.71517486E+24 0.87368149E+21
 0.71027615E+24 0.86593439E+21
 0.70540737E+24 0.85825483E+21
 0.70056834E+24 0.85064224E+21
 0.69575893E+24 0.84309606E+21
 0.69097896E+24 0.83561571E+21
 0.68622829E+24 0.82820064E+21
 0.68150676E+24 0.82085030E+21
 0.67681421E+24 0.81356412E+21
 0.67215051E+24 0.80634158E+21
 0.66751548E+24 0.79918211E+21
 0.66290898E+24 0.79208520E+21
 0.65833087E+24 0.78505030E+21
 0.65378098E+24 0.77807689E+21
 0.64925917E+24 0.77116443E+21
 0.64476530E+24 0.76431242E+21
 0.64029920E+24 0.75752033E+21
 0.63586074E+24 0.75078766E+21
 0.63144977E+24 0.74411390E+21
 0.62706614E+24 0.73749854E+21
 0.62270971E+24 0.73094108E+21
 0.61838032E+24 0.72444104E+21
 0.61407785E+24 0.71799792E+21
 0.60980213E+24 0.71161122E+21
 0.60555304E+24 0.70528048E+21
 0.60133043E+24 0.69900521E+21
 0.59713415E+24 0.69278494E+21
 0.59296407E+24 0.68661919E+21
 0.58882004E+24 0.68050750E+21
 0.58470192E+24 0.67444941E+21
 0.58060958E+24 0.66844445E+21
 0.57654288E+24 0.66249217E+21
 0.57250168E+24 0.65659212E+21
 0.56848584E+24 0.65074386E+21
 0.56449523E+24 0.64494693E+21
 0.56052970E+24 0.63920089E+21
 0.55658913E+24 0.63350532E+21
 0.55267338E+24 0.62785977E+21
 0.54878231E+24 0.62226381E+21
 0.54491579E+24 0.61671703E+21
 0.54107353E+24 0.61121899E+21
 0.53725572E+24 0.60576929E+21
 0.53346206E+24 0.60036749E+21
 0.52969242E+24 0.59501319E+21
 0.52594668E+24 0.58970599E+21
 0.52222469E+24 0.58444547E+21
 0.51852634E+24 0.57923123E+21
 0.51485150E+24 0.57406288E+21
 0.51120003E+24 0.56894002E+21
 0.50757276E+24 0.56386226E+21
 0.50396765E+24 0.55882921E+21
 0.50038553E+24 0.55384048E+21
 0.49682628E+24 0.54889569E+21
 0.49328977E+24 0.54399446E+21
 0.48977588E+24 0.53913642E+21
 0.48628449E+24 0.53432119E+21
 0.48281546E+24 0.52954841E+21
 0.47936868E+24 0.52481770E+21
 0.47594402E+24 0.52012870E+21
 0.47254136E+24 0.51548106E+21
 0.46916041E+24 0.51087442E+21
 0.46580139E+24 0.50630841E+21
 0.46246402E+24 0.50178269E+21
 0.45914816E+24 0.49729692E+21
 0.45585370E+24 0.49285074E+21
 0.45258052E+24 0.48844381E+21
 0.44932851E+24 0.48407580E+21
 0.44609754E+24 0.47974636E+21
 0.44288749E+24 0.47545516E+21
 0.43969826E+24 0.47120187E+21
 0.43652973E+24 0.46698616E+21
 0.43338177E+24 0.46280771E+21
 0.43025428E+24 0.45866619E+21
 0.42714713E+24 0.45456128E+21
 0.42406022E+24 0.45049267E+21
 0.42099344E+24 0.44646004E+21
 0.41794666E+24 0.44246307E+21
 0.41491979E+24 0.43850146E+21
 0.41191269E+24 0.43457490E+21
 0.40892528E+24 0.43068309E+21
 0.40595742E+24 0.42682572E+21
 0.40300902E+24 0.42300250E+21
 0.40007996E+24 0.41921312E+21
 0.39717013E+24 0.41545729E+21
 0.39427942E+24 0.41173473E+21
 0.39140774E+24 0.40804514E+21
 0.38855496E+24 0.40438824E+21
 0.38572098E+24 0.40076373E+21
 0.38290570E+24 0.39717135E+21
 0.38010900E+24 0.39361080E+21
 0.37733078E+24 0.39008181E+21
 0.37457094E+24 0.38658412E+21
 0.37182937E+24 0.38311743E+21
 0.36910597E+24 0.37968149E+21
 0.36640063E+24 0.37627602E+21
 0.36371325E+24 0.37290077E+21
 0.36104372E+24 0.36955546E+21
 0.35839196E+24 0.36623983E+21
 0.35575784E+24 0.36295363E+21
 0.35314127E+24 0.35969660E+21
 0.35054214E+24 0.35646849E+21
 0.34796037E+24 0.35326903E+21
 0.34539585E+24 0.35009799E+21
 0.34284848E+24 0.34695511E+21
 0.34031816E+24 0.34384015E+21
 0.33780479E+24 0.34075286E+21
 0.33530827E+24 0.33769301E+21
 0.33282851E+24 0.33466034E+21
 0.33036541E+24 0.33165463E+21
 0.32791886E+24 0.32867564E+21
 0.32548878E+24 0.32572313E+21
 0.32307507E+24 0.32279687E+21
 0.32067763E+24 0.31989663E+21
 0.31829636E+24 0.31702219E+21
 0.31593118E+24 0.31417332E+21
 0.31358199E+24 0.31134980E+21
 0.31124869E+24 0.30855139E+21
 0.30893120E+24 0.30577789E+21
 0.30662942E+24 0.30302907E+21
 0.30434325E+24 0.30030473E+21
 0.30207260E+24 0.29760463E+21
 0.29981739E+24 0.29492858E+21
 0.29757752E+24 0.29227635E+21
 0.29535289E+24 0.28964775E+21
 0.29314343E+24 0.28704256E+21
 0.29094904E+24 0.28446057E+21
 0.28876963E+24 0.28190160E+21
 0.28660511E+24 0.27936542E+21
 0.28445540E+24 0.27685185E+21
 0.28232040E+24 0.27436068E+21
 0.28020015E+24 0.27189171E+21
 0.27809432E+24 0.26944476E+21
 0.27600294E+24 0.26701963E+21
 0.27392593E+24 0.26461612E+21
 0.27186321E+24 0.26223405E+21
 0.26981468E+24 0.25987322E+21
 0.26778026E+24 0.25753346E+21
 0.26575986E+24 0.25521457E+21
 0.26375341E+24 0.25291638E+21
 0.26176082E+24 0.25063869E+21
 0.25978200E+24 0.24838133E+21
 0.25781687E+24 0.24614412E+21
 0.25586534E+24 0.24392689E+21
 0.25392735E+24 0.24172945E+21
 0.25200280E+24 0.23955164E+21
 0.25009161E+24 0.23739327E+21
 0.24819370E+24 0.23525418E+21
 0.24630899E+24 0.23313420E+21
 0.24443740E+24 0.23103316E+21
 0.24257885E+24 0.22895090E+21
 0.24073327E+24 0.22688723E+21
 0.23890056E+24 0.22484202E+21
 0.23708066E+24 0.22281508E+21
 0.23527348E+24 0.22080626E+21
 0.23347895E+24 0.21881540E+21
 0.23169689E+24 0.21684235E+21
 0.22992742E+24 0.21488693E+21
 0.22817036E+24 0.21294901E+21
 0.22642564E+24 0.21102841E+21
 0.22469319E+24 0.20912500E+21
 0.22297292E+24 0.20723861E+21
 0.22126476E+24 0.20536911E+21
 0.21956864E+24 0.20351633E+21
 0.21788448E+24 0.20168013E+21
 0.21621221E+24 0.19986037E+21
 0.21455175E+24 0.19805690E+21
 0.21290303E+24 0.19626957E+21
 0.21126598E+24 0.19449824E+21
 0.20964052E+24 0.19274277E+21
 0.20802659E+24 0.19100303E+21
 0.20642410E+24 0.18927886E+21
 0.20483300E+24 0.18757014E+21
 0.20325320E+24 0.18587673E+21
 0.20168464E+24 0.18419849E+21
 0.20012725E+24 0.18253528E+21
 0.19858095E+24 0.18088698E+21
 0.19704568E+24 0.17925344E+21
 0.19552136E+24 0.17763455E+21
 0.19400793E+24 0.17603017E+21
 0.19250532E+24 0.17444018E+21
 0.19101346E+24 0.17286444E+21
 0.18953229E+24 0.17130282E+21
 0.18806173E+24 0.16975521E+21
 0.18660172E+24 0.16822148E+21
 0.18515218E+24 0.16670151E+21
 0.18371306E+24 0.16519516E+21
 0.18228429E+24 0.16370234E+21
 0.18086580E+24 0.16222290E+21
 0.17945753E+24 0.16075674E+21
 0.17805941E+24 0.15930374E+21
 0.17667137E+24 0.15786378E+21
 0.17529336E+24 0.15643674E+21
 0.17392530E+24 0.15502250E+21
 0.17256714E+24 0.15362097E+21
 0.17121881E+24 0.15223202E+21
 0.16988024E+24 0.15085554E+21
 0.16855138E+24 0.14949142E+21
 0.16723216E+24 0.14813954E+21
 0.16592252E+24 0.14679982E+21
 0.16462239E+24 0.14547212E+21
 0.16333173E+24 0.14415635E+21
 0.16205045E+24 0.14285240E+21
 0.16077851E+24 0.14156017E+21
 0.15951584E+24 0.14027955E+21
 0.15826239E+24 0.13901043E+21
 0.15701809E+24 0.13775273E+21
 0.15578288E+24 0.13650632E+21
 0.15455670E+24 0.13527112E+21
 0.15333950E+24 0.13404702E+21
 0.15213122E+24 0.13283393E+21
 0.15093180E+24 0.13163175E+21
 0.14974117E+24 0.13044037E+21
 0.14855929E+24 0.12925971E+21
 0.14738609E+24 0.12808967E+21
 0.14622152E+24 0.12693015E+21
 0.14506552E+24 0.12578106E+21
 0.14391804E+24 0.12464231E+21
 0.14277901E+24 0.12351380E+21
 0.14164839E+24 0.12239545E+21
 0.14052611E+24 0.12128716E+21
 0.13941213E+24 0.12018884E+21
 0.13830638E+24 0.11910041E+21
 0.13720882E+24 0.11802178E+21
 0.13611938E+24 0.11695285E+21
 0.13503802E+24 0.11589355E+21
 0.13396468E+24 0.11484378E+21
 0.13289931E+24 0.11380346E+21
 0.13184185E+24 0.11277251E+21
 0.13079225E+24 0.11175085E+21
 0.12975045E+24 0.11073839E+21
 0.12871642E+24 0.10973504E+21
 0.12769009E+24 0.10874073E+21
 0.12667141E+24 0.10775538E+21
 0.12566033E+24 0.10677891E+21
 0.12465681E+24 0.10581123E+21
 0.12366078E+24 0.10485227E+21
 0.12267220E+24 0.10390195E+21
 0.12169102E+24 0.10296020E+21
 0.12071719E+24 0.10202694E+21
 0.11975066E+24 0.10110208E+21
 0.11879138E+24 0.10018556E+21
 0.11783929E+24 0.99277306E+20
 0.11689436E+24 0.98377237E+20
 0.11595654E+24 0.97485283E+20
 0.11502577E+24 0.96601372E+20
 0.11410200E+24 0.95725430E+20
 0.11318504E+24 0.94857388E+20
 0.11227515E+24 0.93997174E+20
 0.11137212E+24 0.93144719E+20
 0.11047591E+24 0.92299952E+20
 0.10958647E+24 0.91462806E+20
 0.10870376E+24 0.90633212E+20
 0.10782773E+24 0.89811102E+20
 0.10695833E+24 0.88996410E+20
 0.10609551E+24 0.88189069E+20
 0.10523924E+24 0.87389013E+20
 0.10438947E+24 0.86596177E+20
 0.10354615E+24 0.85810497E+20
 0.10270923E+24 0.85031908E+20
 0.10187869E+24 0.84260347E+20
 0.10105446E+24 0.83495751E+20
 0.10023650E+24 0.82738057E+20
 0.99424781E+23 0.81987204E+20
 0.98619250E+23 0.81243131E+20
 0.97819865E+23 0.80505776E+20
 0.97026584E+23 0.79775080E+20
 0.96239365E+23 0.79050982E+20
 0.95458164E+23 0.78333424E+20
 0.94682941E+23 0.77622347E+20
 0.93913654E+23 0.76917694E+20
 0.93150261E+23 0.76219405E+20
 0.92392721E+23 0.75527425E+20
 0.91640993E+23 0.74841696E+20
 0.90895036E+23 0.74162163E+20
 0.90154810E+23 0.73488771E+20
 0.89420275E+23 0.72821463E+20
 0.88691390E+23 0.72160186E+20
 0.87968117E+23 0.71504885E+20
 0.87250415E+23 0.70855506E+20
 0.86538246E+23 0.70211998E+20
 0.85831569E+23 0.69574306E+20
 0.85130348E+23 0.68942379E+20
 0.84434542E+23 0.68316164E+20
 0.83744114E+23 0.67695612E+20
 0.83059025E+23 0.67080670E+20
 0.82379239E+23 0.66471289E+20
 0.81704716E+23 0.65867418E+20
 0.81035421E+23 0.65269008E+20
 0.80371315E+23 0.64676010E+20
 0.79712361E+23 0.64088376E+20
 0.79058524E+23 0.63506056E+20
 0.78409766E+23 0.62929004E+20
 0.77766052E+23 0.62357173E+20
 0.77127345E+23 0.61790514E+20
 0.76493610E+23 0.61228982E+20
 0.75864810E+23 0.60672531E+20
 0.75240912E+23 0.60121115E+20
 0.74621878E+23 0.59574688E+20
 0.74007676E+23 0.59033206E+20
 0.73398269E+23 0.58496625E+20
 0.72793623E+23 0.57964900E+20
 0.72193705E+23 0.57437988E+20
 0.71598480E+23 0.56915845E+20
 0.71007914E+23 0.56398428E+20
 0.70421974E+23 0.55885696E+20
 0.69840626E+23 0.55377605E+20
 0.69263838E+23 0.54874115E+20
 0.68691575E+23 0.54375183E+20
 0.68123806E+23 0.53880769E+20
 0.67560497E+23 0.53390832E+20
 0.67001617E+23 0.52905332E+20
 0.66447133E+23 0.52424228E+20
 0.65897013E+23 0.51947482E+20
 0.65351226E+23 0.51475054E+20
 0.64809739E+23 0.51006905E+20
 0.64272522E+23 0.50542997E+20
 0.63739544E+23 0.50083291E+20
 0.63210773E+23 0.49627749E+20
 0.62686179E+23 0.49176335E+20
 0.62165731E+23 0.48729011E+20
 0.61649399E+23 0.48285740E+20
 0.61137153E+23 0.47846485E+20
 0.60628963E+23 0.47411211E+20
 0.60124798E+23 0.46979881E+20
 0.59624630E+23 0.46552461E+20
 0.59128429E+23 0.46128914E+20
 0.58636165E+23 0.45709206E+20
 0.58147810E+23 0.45293302E+20
 0.57663336E+23 0.44881168E+20
 0.57182712E+23 0.44472771E+20
 0.56705912E+23 0.44068075E+20
 0.56232906E+23 0.43667049E+20
 0.55763667E+23 0.43269659E+20
 0.55298166E+23 0.42875871E+20
 0.54836376E+23 0.42485655E+20
 0.54378270E+23 0.42098977E+20
 0.53923820E+23 0.41715805E+20
 0.53472999E+23 0.41336108E+20
 0.53025780E+23 0.40959855E+20
 0.52582136E+23 0.40587014E+20
 0.52142040E+23 0.40217555E+20
 0.51705466E+23 0.39851447E+20
 0.51272397E+23 0.39488660E+20
 0.50842789E+23 0.39129164E+20
 0.50416624E+23 0.38772930E+20
 0.49993878E+23 0.38419927E+20
 0.49574524E+23 0.38070127E+20
 0.49158536E+23 0.37723501E+20
 0.48745891E+23 0.37380020E+20
 0.48336562E+23 0.37039656E+20
 0.47930525E+23 0.36702380E+20
 0.47527755E+23 0.36368165E+20
 0.47128227E+23 0.36036983E+20
 0.46731918E+23 0.35708807E+20
 0.46338802E+23 0.35383610E+20
 0.45948856E+23 0.35061364E+20
 0.45562056E+23 0.34742043E+20
 0.45178378E+23 0.34425621E+20
 0.44797798E+23 0.34112071E+20
 0.44420131E+23 0.33801368E+20
 0.44045680E+23 0.33493486E+20
 0.43674256E+23 0.33188399E+20
 0.43305839E+23 0.32886082E+20
 0.42940404E+23 0.32586510E+20
 0.42578085E+23 0.32289658E+20
 0.42218547E+23 0.31995501E+20
 0.41861924E+23 0.31704016E+20
 0.41508194E+23 0.31415178E+20
 0.41157336E+23 0.31128964E+20
 0.40809326E+23 0.30845349E+20
 0.40464144E+23 0.30564309E+20
 0.40121768E+23 0.30285823E+20
 0.39782177E+23 0.30009866E+20
 0.39445349E+23 0.29736416E+20
 0.39111262E+23 0.29465449E+20
 0.38779897E+23 0.29196945E+20
 0.38451232E+23 0.28930880E+20
 0.38125247E+23 0.28667232E+20
 0.37801920E+23 0.28405980E+20
 0.37481232E+23 0.28147101E+20
 0.37163162E+23 0.27890574E+20
 0.36847690E+23 0.27636379E+20
 0.36534797E+23 0.27384494E+20
 0.36224461E+23 0.27134897E+20
 0.35916665E+23 0.26887569E+20
 0.35611387E+23 0.26642489E+20
 0.35308608E+23 0.26399636E+20
 0.35008310E+23 0.26158991E+20
 0.34710473E+23 0.25920533E+20
 0.34415077E+23 0.25684242E+20
 0.34122105E+23 0.25450099E+20
 0.33831537E+23 0.25218085E+20
 0.33543355E+23 0.24988180E+20
 0.33257540E+23 0.24760365E+20
 0.32974074E+23 0.24534621E+20
 0.32692938E+23 0.24310930E+20
 0.32414115E+23 0.24089272E+20
 0.32137586E+23 0.23869630E+20
 0.31863334E+23 0.23651985E+20
 0.31591341E+23 0.23436320E+20
 0.31321589E+23 0.23222615E+20
 0.31054060E+23 0.23010854E+20
 0.30788738E+23 0.22801018E+20
 0.30525606E+23 0.22593091E+20
 0.30264645E+23 0.22387056E+20
 0.30005840E+23 0.22182894E+20
 0.29749172E+23 0.21980589E+20
 0.29494626E+23 0.21780124E+20
 0.29242185E+23 0.21581483E+20
 0.28991833E+23 0.21384648E+20
 0.28743552E+23 0.21189605E+20
 0.28497327E+23 0.20996335E+20
 0.28253142E+23 0.20804824E+20
 0.28010980E+23 0.20615055E+20
 0.27770825E+23 0.20427013E+20
 0.27532663E+23 0.20240682E+20
 0.27296476E+23 0.20056046E+20
 0.27062250E+23 0.19873090E+20
 0.26829969E+23 0.19691799E+20
 0.26599618E+23 0.19512158E+20
 0.26371181E+23 0.19334151E+20
 0.26144644E+23 0.19157764E+20
 0.25919991E+23 0.18982983E+20
 0.25697207E+23 0.18809792E+20
 0.25476278E+23 0.18638178E+20
 0.25257189E+23 0.18468125E+20
 0.25039925E+23 0.18299621E+20
 0.24824472E+23 0.18132650E+20
 0.24610815E+23 0.17967199E+20
 0.24398941E+23 0.17803254E+20
 0.24188835E+23 0.17640802E+20
 0.23980483E+23 0.17479828E+20
 0.23773870E+23 0.17320320E+20
 0.23568984E+23 0.17162264E+20
 0.23365811E+23 0.17005647E+20
 0.23164336E+23 0.16850456E+20
 0.22964546E+23 0.16696678E+20
 0.22766429E+23 0.16544300E+20
 0.22569969E+23 0.16393309E+20
 0.22375155E+23 0.16243694E+20
 0.22181973E+23 0.16095441E+20
 0.21990410E+23 0.15948538E+20
 0.21800453E+23 0.15802972E+20
 0.21612089E+23 0.15658733E+20
 0.21425306E+23 0.15515807E+20
 0.21240090E+23 0.15374182E+20
 0.21056429E+23 0.15233848E+20
 0.20874311E+23 0.15094791E+20
 0.20693724E+23 0.14957002E+20
 0.20514654E+23 0.14820467E+20
 0.20337090E+23 0.14685176E+20
 0.20161020E+23 0.14551118E+20
 0.19986432E+23 0.14418280E+20
 0.19813313E+23 0.14286653E+20
 0.19641652E+23 0.14156225E+20
 0.19471437E+23 0.14026985E+20
 0.19302657E+23 0.13898922E+20
 0.19135299E+23 0.13772026E+20
 0.18969353E+23 0.13646287E+20
 0.18804807E+23 0.13521693E+20
 0.18641650E+23 0.13398234E+20
 0.18479870E+23 0.13275900E+20
 0.18319456E+23 0.13154681E+20
 0.18160398E+23 0.13034566E+20
 0.18002684E+23 0.12915546E+20
 0.17846303E+23 0.12797611E+20
 0.17691244E+23 0.12680750E+20
 0.17537498E+23 0.12564955E+20
 0.17385052E+23 0.12450214E+20
 0.17233898E+23 0.12336520E+20
 0.17084023E+23 0.12223861E+20
 0.16935418E+23 0.12112230E+20
 0.16788072E+23 0.12001615E+20
 0.16641976E+23 0.11892010E+20
 0.16497118E+23 0.11783403E+20
 0.16353489E+23 0.11675786E+20
 0.16211079E+23 0.11569150E+20
 0.16069878E+23 0.11463486E+20
 0.15929876E+23 0.11358785E+20
 0.15791063E+23 0.11255039E+20
 0.15653430E+23 0.11152239E+20
 0.15516966E+23 0.11050376E+20
 0.15381663E+23 0.10949441E+20
 0.15247511E+23 0.10849427E+20
 0.15114500E+23 0.10750325E+20
 0.14982621E+23 0.10652126E+20
 0.14851865E+23 0.10554822E+20
 0.14722222E+23 0.10458406E+20
 0.14593684E+23 0.10362869E+20
 0.14466241E+23 0.10268203E+20
 0.14339884E+23 0.10174400E+20
 0.14214605E+23 0.10081453E+20
 0.14090395E+23 0.99893534E+19
 0.13967244E+23 0.98980936E+19
 0.13845145E+23 0.98076660E+19
 0.13724088E+23 0.97180632E+19
 0.13604064E+23 0.96292775E+19
 0.13485067E+23 0.95413016E+19
 0.13367086E+23 0.94541281E+19
 0.13250113E+23 0.93677496E+19
 0.13134141E+23 0.92821591E+19
 0.13019161E+23 0.91973492E+19
 0.12905164E+23 0.91133129E+19
 0.12792143E+23 0.90300431E+19
 0.12680090E+23 0.89475329E+19
 0.12568996E+23 0.88657754E+19
 0.12458854E+23 0.87847637E+19
 0.12349655E+23 0.87044910E+19
 0.12241393E+23 0.86249506E+19
 0.12134059E+23 0.85461358E+19
 0.12027645E+23 0.84680401E+19
 0.11922144E+23 0.83906569E+19
 0.11817549E+23 0.83139796E+19
 0.11713851E+23 0.82380020E+19
 0.11611043E+23 0.81627175E+19
 0.11509119E+23 0.80881200E+19
 0.11408070E+23 0.80142031E+19
 0.11307890E+23 0.79409607E+19
 0.11208570E+23 0.78683866E+19
 0.11110105E+23 0.77964747E+19
 0.11012486E+23 0.77252190E+19
 0.10915707E+23 0.76546136E+19
 0.10819761E+23 0.75846524E+19
 0.10724641E+23 0.75153297E+19
 0.10630340E+23 0.74466397E+19
 0.10536851E+23 0.73785765E+19
 0.10444168E+23 0.73111344E+19
 0.10352283E+23 0.72443079E+19
 0.10261190E+23 0.71780913E+19
 0.10170882E+23 0.71124790E+19
 0.10081354E+23 0.70474655E+19
 0.99925971E+22 0.69830455E+19
 0.99046065E+22 0.69192134E+19
 0.98173753E+22 0.68559640E+19
 0.97308972E+22 0.67932919E+19
 0.96451659E+22 0.67311919E+19
 0.95601751E+22 0.66696587E+19
 0.94759186E+22 0.66086872E+19
 0.93923903E+22 0.65482723E+19
 0.93095840E+22 0.64884089E+19
 0.92274937E+22 0.64290920E+19
 0.91461135E+22 0.63703166E+19
 0.90654372E+22 0.63120778E+19
 0.89854590E+22 0.62543706E+19
 0.89061731E+22 0.61971903E+19
 0.88275736E+22 0.61405321E+19
 0.87496548E+22 0.60843911E+19
 0.86724109E+22 0.60287627E+19
 0.85958362E+22 0.59736422E+19
 0.85199252E+22 0.59190250E+19
 0.84446905E+22 0.58649064E+19
 0.83700898E+22 0.58112820E+19
 0.82961361E+22 0.57581473E+19
 0.82228239E+22 0.57054977E+19
 0.81501478E+22 0.56533289E+19
 0.80781025E+22 0.56016365E+19
 0.80066826E+22 0.55504161E+19
 0.79358829E+22 0.54996634E+19
 0.78656981E+22 0.54493742E+19
 0.77961229E+22 0.53995443E+19
 0.77271524E+22 0.53501694E+19
 0.76587813E+22 0.53012454E+19
 0.75910045E+22 0.52527683E+19
 0.75238171E+22 0.52047338E+19
 0.74572141E+22 0.51571381E+19
 0.73911905E+22 0.51099771E+19
 0.73257413E+22 0.50632468E+19
 0.72608618E+22 0.50169433E+19
 0.71965472E+22 0.49710627E+19
 0.71327925E+22 0.49256012E+19
 0.70695931E+22 0.48805549E+19
 0.70069442E+22 0.48359201E+19
 0.69448413E+22 0.47916930E+19
 0.68832795E+22 0.47478698E+19
 0.68222545E+22 0.47044470E+19
 0.67617615E+22 0.46614208E+19
 0.67017960E+22 0.46187877E+19
 0.66423537E+22 0.45765440E+19
 0.65834300E+22 0.45346862E+19
 0.65250205E+22 0.44932108E+19
 0.64671208E+22 0.44521143E+19
 0.64097267E+22 0.44113933E+19
 0.63528337E+22 0.43710442E+19
 0.62964371E+22 0.43310638E+19
 0.62405338E+22 0.42914486E+19
 0.61851189E+22 0.42521954E+19
 0.61301884E+22 0.42133008E+19
 0.60757380E+22 0.41747616E+19
 0.60217638E+22 0.41365745E+19
 0.59682616E+22 0.40987362E+19
 0.59152274E+22 0.40612437E+19
 0.58626572E+22 0.40240938E+19
 0.58105470E+22 0.39872834E+19
 0.57588929E+22 0.39508092E+19
 0.57076911E+22 0.39146684E+19
 0.56569376E+22 0.38788578E+19
 0.56066285E+22 0.38433744E+19
 0.55567602E+22 0.38082153E+19
 0.55073288E+22 0.37733774E+19
 0.54583306E+22 0.37388579E+19
 0.54097619E+22 0.37046539E+19
 0.53616190E+22 0.36707624E+19
 0.53138982E+22 0.36371807E+19
 0.52665959E+22 0.36039058E+19
 0.52197086E+22 0.35709350E+19
 0.51732327E+22 0.35382656E+19
 0.51271646E+22 0.35058947E+19
 0.50815009E+22 0.34738197E+19
 0.50362380E+22 0.34420378E+19
 0.49913726E+22 0.34105464E+19
 0.49469012E+22 0.33793428E+19
 0.49028204E+22 0.33484244E+19
 0.48591269E+22 0.33177886E+19
 0.48158174E+22 0.32874328E+19
 0.47728885E+22 0.32573544E+19
 0.47303369E+22 0.32275510E+19
 0.46881595E+22 0.31980200E+19
 0.46463530E+22 0.31687589E+19
 0.46049142E+22 0.31397653E+19
 0.45638399E+22 0.31110367E+19
 0.45231271E+22 0.30825708E+19
 0.44827725E+22 0.30543650E+19
 0.44427731E+22 0.30264171E+19
 0.44031259E+22 0.29987246E+19
 0.43638277E+22 0.29712853E+19
 0.43248757E+22 0.29440968E+19
 0.42862667E+22 0.29171569E+19
 0.42479979E+22 0.28904632E+19
 0.42100662E+22 0.28640136E+19
 0.41724689E+22 0.28378058E+19
 0.41352030E+22 0.28118376E+19
 0.40982656E+22 0.27861068E+19
 0.40616539E+22 0.27606112E+19
 0.40253651E+22 0.27353487E+19
 0.39893964E+22 0.27103172E+19
 0.39537449E+22 0.26855146E+19
 0.39184081E+22 0.26609387E+19
 0.38833831E+22 0.26365875E+19
 0.38486673E+22 0.26124589E+19
 0.38142580E+22 0.25885510E+19
 0.37801524E+22 0.25648617E+19
 0.37463481E+22 0.25413889E+19
 0.37128424E+22 0.25181308E+19
 0.36796326E+22 0.24950854E+19
 0.36467163E+22 0.24722506E+19
 0.36140908E+22 0.24496247E+19
 0.35817537E+22 0.24272057E+19
 0.35497024E+22 0.24049916E+19
 0.35179346E+22 0.23829807E+19
 0.34864476E+22 0.23611711E+19
 0.34552391E+22 0.23395609E+19
 0.34243067E+22 0.23181483E+19
 0.33936479E+22 0.22969315E+19
