# su numc         je-cap (rev 296)                                            
 0.86105233E+26 0.11231769E+26
 0.85991023E+26 0.11180035E+26
 0.85877370E+26 0.11128549E+26
 0.85764282E+26 0.11077290E+26
 0.85651730E+26 0.11026252E+26
 0.85539751E+26 0.10975454E+26
 0.85428260E+26 0.10924876E+26
 0.85317398E+26 0.10874517E+26
 0.85207057E+26 0.10824376E+26
 0.85097243E+26 0.10774474E+26
 0.84987999E+26 0.10724784E+26
 0.84879275E+26 0.10675323E+26
 0.84771087E+26 0.10626075E+26
 0.84663436E+26 0.10577052E+26
 0.84556301E+26 0.10528226E+26
 0.84449723E+26 0.10479649E+26
 0.84343658E+26 0.10431270E+26
 0.84238090E+26 0.10383087E+26
 0.84133111E+26 0.10335174E+26
 0.84028627E+26 0.10287447E+26
 0.83924612E+26 0.10239934E+26
 0.83821154E+26 0.10192611E+26
 0.83718226E+26 0.10145537E+26
 0.83615806E+26 0.10098653E+26
 0.83513926E+26 0.10051980E+26
 0.83412514E+26 0.10005505E+26
 0.83311621E+26 0.99592558E+25
 0.83211206E+26 0.99132042E+25
 0.83111324E+26 0.98673498E+25
 0.83011940E+26 0.98217182E+25
 0.82912992E+26 0.97762557E+25
 0.82814677E+26 0.97310426E+25
 0.82716722E+26 0.96860070E+25
 0.82619309E+26 0.96411801E+25
 0.82522371E+26 0.95965435E+25
 0.82425940E+26 0.95521153E+25
 0.82329968E+26 0.95078746E+25
 0.82234504E+26 0.94638469E+25
 0.82139520E+26 0.94199927E+25
 0.82044975E+26 0.93763475E+25
 0.81950971E+26 0.93329165E+25
 0.81857367E+26 0.92896459E+25
 0.81764290E+26 0.92466017E+25
 0.81671640E+26 0.92037143E+25
 0.81579474E+26 0.91610571E+25
 0.81487801E+26 0.91185641E+25
 0.81396580E+26 0.90762745E+25
 0.81305777E+26 0.90341683E+25
 0.81215458E+26 0.89922493E+25
 0.81125602E+26 0.89505187E+25
 0.81036231E+26 0.89089656E+25
 0.80947304E+26 0.88676277E+25
 0.80858806E+26 0.88264573E+25
 0.80770760E+26 0.87854729E+25
 0.80683144E+26 0.87446531E+25
 0.80596008E+26 0.87040514E+25
 0.80509298E+26 0.86636112E+25
 0.80422981E+26 0.86233540E+25
 0.80337114E+26 0.85832758E+25
 0.80251731E+26 0.85433752E+25
 0.80166795E+26 0.85036675E+25
 0.80082264E+26 0.84641219E+25
 0.79998167E+26 0.84247599E+25
 0.79914463E+26 0.83855729E+25
 0.79831193E+26 0.83465639E+25
 0.79748449E+26 0.83077275E+25
 0.79665948E+26 0.82690547E+25
 0.79584000E+26 0.82305797E+25
 0.79502408E+26 0.81922638E+25
 0.79421216E+26 0.81541011E+25
 0.79340472E+26 0.81161295E+25
 0.79260157E+26 0.80783459E+25
 0.79180242E+26 0.80407116E+25
 0.79100703E+26 0.80032495E+25
 0.79021614E+26 0.79659570E+25
 0.78942911E+26 0.79288322E+25
 0.78864599E+26 0.78918706E+25
 0.78786700E+26 0.78550733E+25
 0.78709156E+26 0.78184431E+25
 0.78632021E+26 0.77819594E+25
 0.78555288E+26 0.77456765E+25
 0.78478959E+26 0.77095180E+25
 0.78402967E+26 0.76735496E+25
 0.78327415E+26 0.76377393E+25
 0.78252233E+26 0.76020905E+25
 0.78177551E+26 0.75666029E+25
 0.78103042E+26 0.75312697E+25
 0.78028999E+26 0.74960931E+25
 0.77955300E+26 0.74610617E+25
 0.77882129E+26 0.74262158E+25
 0.77809159E+26 0.73914982E+25
 0.77736622E+26 0.73569717E+25
 0.77664444E+26 0.73225647E+25
 0.77592550E+26 0.72883453E+25
 0.77521093E+26 0.72542630E+25
 0.77450072E+26 0.72203368E+25
 0.77379304E+26 0.71865551E+25
 0.77308888E+26 0.71529298E+25
 0.77238886E+26 0.71194617E+25
 0.77169229E+26 0.70861433E+25
 0.77099876E+26 0.70529667E+25
 0.77030999E+26 0.70199435E+25
 0.76962449E+26 0.69870689E+25
 0.76894122E+26 0.69543436E+25
 0.76826189E+26 0.69217618E+25
 0.76758715E+26 0.68893318E+25
 0.76691403E+26 0.68570464E+25
 0.76624596E+26 0.68249044E+25
 0.76557903E+26 0.67929111E+25
 0.76491655E+26 0.67610609E+25
 0.76425777E+26 0.67293529E+25
 0.76360216E+26 0.66977766E+25
 0.76294970E+26 0.66663663E+25
 0.76230129E+26 0.66350842E+25
 0.76165477E+26 0.66039439E+25
 0.76101201E+26 0.65729497E+25
 0.76037259E+26 0.65420715E+25
 0.75973652E+26 0.65113681E+25
 0.75910346E+26 0.64807866E+25
 0.75847331E+26 0.64503375E+25
 0.75784742E+26 0.64200353E+25
 0.75722403E+26 0.63898669E+25
 0.75660252E+26 0.63598341E+25
 0.75598499E+26 0.63299369E+25
 0.75537273E+26 0.63001730E+25
 0.75475912E+26 0.62705440E+25
 0.75415162E+26 0.62410496E+25
 0.75354556E+26 0.62116866E+25
 0.75294391E+26 0.61824483E+25
 0.75234389E+26 0.61533569E+25
 0.75174803E+26 0.61243923E+25
 0.75115472E+26 0.60955531E+25
 0.75056259E+26 0.60668380E+25
 0.74997609E+26 0.60382738E+25
 0.74939089E+26 0.60098271E+25
 0.74880801E+26 0.59815106E+25
 0.74822898E+26 0.59533143E+25
 0.74765332E+26 0.59252538E+25
 0.74707867E+26 0.58973187E+25
 0.74650783E+26 0.58695081E+25
 0.74593949E+26 0.58418201E+25
 0.74537402E+26 0.58142503E+25
 0.74481173E+26 0.57868257E+25
 0.74425261E+26 0.57595156E+25
 0.74369530E+26 0.57323285E+25
 0.74314079E+26 0.57052653E+25
 0.74258881E+26 0.56783210E+25
 0.74203840E+26 0.56515035E+25
 0.74149241E+26 0.56247986E+25
 0.74094803E+26 0.55982131E+25
 0.74040661E+26 0.55717636E+25
 0.73986771E+26 0.55454232E+25
 0.73933155E+26 0.55191977E+25
 0.73879615E+26 0.54931029E+25
 0.73826438E+26 0.54671202E+25
 0.73773556E+26 0.54412531E+25
 0.73720911E+26 0.54155039E+25
 0.73668459E+26 0.53898637E+25
 0.73616416E+26 0.53643563E+25
 0.73564496E+26 0.53389557E+25
 0.73512691E+26 0.53136690E+25
 0.73461327E+26 0.52884943E+25
 0.73410111E+26 0.52634405E+25
 0.73359138E+26 0.52384886E+25
 0.73308363E+26 0.52136615E+25
 0.73257839E+26 0.51889452E+25
 0.73207468E+26 0.51643382E+25
 0.73157462E+26 0.51398408E+25
 0.73107591E+26 0.51154434E+25
 0.73057993E+26 0.50911818E+25
 0.73008534E+26 0.50670152E+25
 0.72959322E+26 0.50429523E+25
 0.72910444E+26 0.50190140E+25
 0.72861612E+26 0.49951697E+25
 0.72813165E+26 0.49714497E+25
 0.72764836E+26 0.49478254E+25
 0.72716718E+26 0.49243007E+25
 0.72668805E+26 0.49009023E+25
 0.72621137E+26 0.48775972E+25
 0.72573669E+26 0.48544016E+25
 0.72526335E+26 0.48313081E+25
 0.72479276E+26 0.48083208E+25
 0.72432360E+26 0.47854397E+25
 0.72385704E+26 0.47626592E+25
 0.72339184E+26 0.47399820E+25
 0.72292864E+26 0.47174073E+25
 0.72246795E+26 0.46949388E+25
 0.72200859E+26 0.46725640E+25
 0.72155059E+26 0.46502973E+25
 0.72109491E+26 0.46281321E+25
 0.72064309E+26 0.46060657E+25
 0.72019024E+26 0.45840996E+25
 0.71974028E+26 0.45622328E+25
 0.71929336E+26 0.45404636E+25
 0.71884700E+26 0.45187930E+25
 0.71840272E+26 0.44972179E+25
 0.71795947E+26 0.44757510E+25
 0.71751909E+26 0.44543746E+25
 0.71707975E+26 0.44330742E+25
 0.71664232E+26 0.44119167E+25
 0.71620584E+26 0.43908285E+25
 0.71577308E+26 0.43698396E+25
 0.71533926E+26 0.43489462E+25
 0.71490844E+26 0.43281440E+25
 0.71448026E+26 0.43074382E+25
 0.71405192E+26 0.42868243E+25
 0.71362595E+26 0.42663080E+25
 0.71320262E+26 0.42458725E+25
 0.71277893E+26 0.42255495E+25
 0.71235778E+26 0.42053094E+25
 0.71193906E+26 0.41851628E+25
 0.71152001E+26 0.41651025E+25
 0.71110287E+26 0.41451370E+25
 0.71068857E+26 0.41252605E+25
 0.71027372E+26 0.41054766E+25
 0.70986258E+26 0.40857823E+25
 0.70945169E+26 0.40661757E+25
 0.70904257E+26 0.40466592E+25
 0.70863445E+26 0.40272313E+25
 0.70822753E+26 0.40078900E+25
 0.70782237E+26 0.39886390E+25
 0.70741792E+26 0.39694678E+25
 0.70701454E+26 0.39503966E+25
 0.70661413E+26 0.39314044E+25
 0.70566385E+26 0.39125016E+25
 0.70526635E+26 0.38936821E+25
 0.70487733E+26 0.38749483E+25
 0.70502193E+26 0.38563010E+25
 0.70462679E+26 0.38377357E+25
 0.70423317E+26 0.38192591E+25
 0.70384104E+26 0.38008623E+25
 0.70345020E+26 0.37825507E+25
 0.70305990E+26 0.37643222E+25
 0.70267084E+26 0.37461772E+25
 0.70228308E+26 0.37281146E+25
 0.70189554E+26 0.37101334E+25
 0.70151055E+26 0.36922283E+25
 0.70112672E+26 0.36744156E+25
 0.70074300E+26 0.36566799E+25
 0.70036048E+26 0.36390232E+25
 0.69997944E+26 0.36214474E+25
 0.69959930E+26 0.36039522E+25
 0.69921967E+26 0.35865286E+25
 0.69884171E+26 0.35691980E+25
 0.69846459E+26 0.35519394E+25
 0.69808823E+26 0.35347595E+25
 0.69771287E+26 0.35176576E+25
 0.69733776E+26 0.35006275E+25
 0.69696554E+26 0.34836795E+25
 0.69659170E+26 0.34668111E+25
 0.69622202E+26 0.34500252E+25
 0.69585036E+26 0.34333050E+25
 0.69548057E+26 0.34166689E+25
 0.69511060E+26 0.34000995E+25
 0.69474373E+26 0.33836109E+25
 0.69437640E+26 0.33671973E+25
 0.69400957E+26 0.33508571E+25
 0.69364400E+26 0.33345930E+25
 0.69327889E+26 0.33184037E+25
 0.69291402E+26 0.33022863E+25
 0.69255048E+26 0.32862419E+25
 0.69218777E+26 0.32702719E+25
 0.69182670E+26 0.32543724E+25
 0.69146548E+26 0.32385464E+25
 0.69110373E+26 0.32227925E+25
 0.69074476E+26 0.32071099E+25
 0.69038444E+26 0.31914991E+25
 0.69002497E+26 0.31759589E+25
 0.68966874E+26 0.31604902E+25
 0.68931006E+26 0.31450912E+25
 0.68895471E+26 0.31297629E+25
 0.68859697E+26 0.31145036E+25
 0.68824187E+26 0.30993141E+25
 0.68788736E+26 0.30841935E+25
 0.68753316E+26 0.30691426E+25
 0.68717888E+26 0.30541595E+25
 0.68682432E+26 0.30392446E+25
 0.68647178E+26 0.30243979E+25
 0.68611241E+26 0.30096191E+25
 0.68576743E+26 0.29949069E+25
 0.68541579E+26 0.29802622E+25
 0.68506439E+26 0.29656844E+25
 0.68471336E+26 0.29511659E+25
 0.68436324E+26 0.29367267E+25
 0.68401315E+26 0.29223468E+25
 0.68366382E+26 0.29080327E+25
 0.40611348E+26 0.28937837E+25
 0.31215244E+26 0.28795992E+25
 0.31249135E+26 0.28654798E+25
 0.62689985E+26 0.28514241E+25
 0.68192020E+26 0.28374333E+25
 0.68157135E+26 0.28235054E+25
 0.68122292E+26 0.28096417E+25
 0.68087735E+26 0.27958411E+25
 0.68053059E+26 0.27821032E+25
 0.68018314E+26 0.27684279E+25
 0.67983711E+26 0.27548149E+25
 0.67949082E+26 0.27412641E+25
 0.67914343E+26 0.27277748E+25
 0.67879726E+26 0.27143473E+25
 0.67845179E+26 0.27009806E+25
 0.67810594E+26 0.26876753E+25
 0.67775996E+26 0.26744305E+25
 0.67741418E+26 0.26612415E+25
 0.67706784E+26 0.26481212E+25
 0.67672369E+26 0.26350571E+25
 0.67637814E+26 0.26220520E+25
 0.67603351E+26 0.26091058E+25
 0.67568745E+26 0.25962146E+25
 0.67534282E+26 0.25833905E+25
 0.67499794E+26 0.25706221E+25
 0.67465166E+26 0.25579109E+25
 0.67430729E+26 0.25452575E+25
 0.67396175E+26 0.25326619E+25
 0.67361630E+26 0.25201236E+25
 0.67327063E+26 0.25076374E+25
 0.67292513E+26 0.24952185E+25
 0.67257865E+26 0.24828513E+25
 0.67223266E+26 0.24705366E+25
 0.67188741E+26 0.24582851E+25
 0.67154048E+26 0.24460867E+25
 0.67119343E+26 0.24339433E+25
 0.67084867E+26 0.24218558E+25
 0.67050188E+26 0.24098227E+25
 0.67015387E+26 0.23978446E+25
 0.66980814E+26 0.23859218E+25
 0.66946046E+26 0.23740526E+25
 0.66911390E+26 0.23622334E+25
 0.66876467E+26 0.23504773E+25
 0.66841710E+26 0.23387702E+25
 0.66806771E+26 0.23271165E+25
 0.66771839E+26 0.23155161E+25
 0.66736891E+26 0.23039684E+25
 0.66702054E+26 0.22924741E+25
 0.66666946E+26 0.22810314E+25
 0.66632075E+26 0.22696402E+25
 0.66597002E+26 0.22583032E+25
 0.66561923E+26 0.22470134E+25
 0.66526734E+26 0.22357815E+25
 0.66491537E+26 0.22245980E+25
 0.66456322E+26 0.22134654E+25
 0.66421021E+26 0.22023831E+25
 0.66385665E+26 0.21913526E+25
 0.66350310E+26 0.21803716E+25
 0.66314723E+26 0.21694409E+25
 0.66279262E+26 0.21585592E+25
 0.66243818E+26 0.21477290E+25
 0.66208212E+26 0.21369473E+25
 0.66172450E+26 0.21262107E+25
 0.66136675E+26 0.21155309E+25
 0.66100853E+26 0.21048963E+25
 0.66064998E+26 0.20943102E+25
 0.66029110E+26 0.20837724E+25
 0.65993260E+26 0.20732827E+25
 0.65957065E+26 0.20628408E+25
 0.65921029E+26 0.20524467E+25
 0.65884960E+26 0.20420961E+25
 0.65848600E+26 0.20318003E+25
 0.65812197E+26 0.20215479E+25
 0.65775837E+26 0.20113427E+25
 0.65739345E+26 0.20011807E+25
 0.65702738E+26 0.19910687E+25
 0.65666210E+26 0.19810052E+25
 0.65629284E+26 0.19709845E+25
 0.65592541E+26 0.19610100E+25
 0.65555536E+26 0.19510806E+25
 0.65518678E+26 0.19411970E+25
 0.65481616E+26 0.19313585E+25
 0.65444462E+26 0.19215615E+25
 0.65407149E+26 0.19118159E+25
 0.65369715E+26 0.19021116E+25
 0.65332306E+26 0.18924517E+25
 0.65294929E+26 0.18828358E+25
 0.65257225E+26 0.18732641E+25
 0.65219550E+26 0.18637358E+25
 0.65181700E+26 0.18542511E+25
 0.65143666E+26 0.18448100E+25
 0.65105512E+26 0.18354116E+25
 0.65067444E+26 0.18260520E+25
 0.65029201E+26 0.18167414E+25
 0.64990800E+26 0.18074740E+25
 0.64952287E+26 0.17982465E+25
 0.64913795E+26 0.17890613E+25
 0.64874955E+26 0.17799181E+25
 0.64836039E+26 0.17708164E+25
 0.64797188E+26 0.17617567E+25
 0.64758175E+26 0.17527378E+25
 0.64718943E+26 0.17437607E+25
 0.64679554E+26 0.17348246E+25
 0.64640090E+26 0.17259256E+25
 0.64600580E+26 0.17170744E+25
 0.64560833E+26 0.17082602E+25
 0.64521045E+26 0.16994863E+25
 0.64481033E+26 0.16907501E+25
 0.64440816E+26 0.16820586E+25
 0.64400531E+26 0.16734045E+25
 0.64360321E+26 0.16647901E+25
 0.64319847E+26 0.16562148E+25
 0.64279024E+26 0.16476789E+25
 0.64238285E+26 0.16391821E+25
 0.64197373E+26 0.16307221E+25
 0.64156343E+26 0.16223048E+25
 0.64115033E+26 0.16139242E+25
 0.64073681E+26 0.16055818E+25
 0.64032112E+26 0.15972775E+25
 0.63990454E+26 0.15890113E+25
 0.63948560E+26 0.15807825E+25
 0.63906724E+26 0.15725920E+25
 0.63864370E+26 0.15644380E+25
 0.63822158E+26 0.15563220E+25
 0.63779701E+26 0.15482401E+25
 0.63736986E+26 0.15402019E+25
 0.63694254E+26 0.15321968E+25
 0.63651190E+26 0.15242286E+25
 0.63608098E+26 0.15162953E+25
 0.63564634E+26 0.15084012E+25
 0.63521054E+26 0.15005415E+25
 0.63477613E+26 0.14927180E+25
 0.63433935E+26 0.14849304E+25
 0.63389811E+26 0.14771784E+25
 0.63345650E+26 0.14694591E+25
 0.63301110E+26 0.14617807E+25
 0.63256598E+26 0.14541348E+25
 0.63211914E+26 0.14465237E+25
 0.63167017E+26 0.14389479E+25
 0.63121908E+26 0.14314066E+25
 0.63076534E+26 0.14238999E+25
 0.63031110E+26 0.14164273E+25
 0.62985350E+26 0.14089891E+25
 0.62939403E+26 0.14015852E+25
 0.62893395E+26 0.13942150E+25
 0.62847206E+26 0.13868788E+25
 0.62800649E+26 0.13795760E+25
 0.62753976E+26 0.13723071E+25
 0.62707081E+26 0.13650685E+25
 0.62659928E+26 0.13578683E+25
 0.62612754E+26 0.13506987E+25
 0.62565110E+26 0.13435618E+25
 0.62517513E+26 0.13364578E+25
 0.62469556E+26 0.13293864E+25
 0.62421535E+26 0.13223473E+25
 0.62373013E+26 0.13153406E+25
 0.62324596E+26 0.13083661E+25
 0.62275724E+26 0.13014235E+25
 0.62226623E+26 0.12945128E+25
 0.62177349E+26 0.12876317E+25
 0.62127999E+26 0.12807866E+25
 0.62078245E+26 0.12739681E+25
 0.62028080E+26 0.12671835E+25
 0.61978332E+26 0.12604325E+25
 0.61927943E+26 0.12537081E+25
 0.61877139E+26 0.12470186E+25
 0.61826420E+26 0.12403578E+25
 0.61775439E+26 0.12337276E+25
 0.61724099E+26 0.12271275E+25
 0.61672530E+26 0.12205583E+25
 0.61620432E+26 0.12140183E+25
 0.61568549E+26 0.12075091E+25
 0.61516286E+26 0.12010309E+25
 0.61463840E+26 0.11945804E+25
 0.61411079E+26 0.11881615E+25
 0.61357919E+26 0.11817715E+25
 0.61304532E+26 0.11754097E+25
 0.61251099E+26 0.11690783E+25
 0.61197333E+26 0.11627769E+25
 0.61143096E+26 0.11565036E+25
 0.61088893E+26 0.11502592E+25
 0.61034158E+26 0.11440435E+25
 0.60979545E+26 0.11378565E+25
 0.60924569E+26 0.11316979E+25
 0.60869122E+26 0.11255677E+25
 0.60813529E+26 0.11194658E+25
 0.60757436E+26 0.11133921E+25
 0.60701406E+26 0.11073463E+25
 0.60644907E+26 0.11013285E+25
 0.60588351E+26 0.10953383E+25
 0.60531330E+26 0.10893757E+25
 0.60474006E+26 0.10834408E+25
 0.60416396E+26 0.10775331E+25
 0.60358682E+26 0.10716524E+25
 0.60300593E+26 0.10657997E+25
 0.60242257E+26 0.10599736E+25
 0.60183581E+26 0.10541743E+25
 0.60124620E+26 0.10484019E+25
 0.60065416E+26 0.10426561E+25
 0.60005975E+26 0.10369369E+25
 0.59946158E+26 0.10312436E+25
 0.59886076E+26 0.10255773E+25
 0.59825656E+26 0.10199376E+25
 0.59764968E+26 0.10143236E+25
 0.59703896E+26 0.10087355E+25
 0.59642659E+26 0.10031733E+25
 0.59581090E+26 0.99763677E+24
 0.59519150E+26 0.99212556E+24
 0.59457113E+26 0.98664022E+24
 0.59394493E+26 0.98118086E+24
 0.59331830E+26 0.97574630E+24
 0.59268708E+26 0.97033651E+24
 0.59205433E+26 0.96495109E+24
 0.59141596E+26 0.95959354E+24
 0.59077611E+26 0.95425921E+24
 0.59013294E+26 0.94894915E+24
 0.58948730E+26 0.94366477E+24
 0.58883813E+26 0.93840445E+24
 0.58818453E+26 0.93316633E+24
 0.58753038E+26 0.92795708E+24
 0.58687145E+26 0.92276981E+24
 0.58620789E+26 0.91760628E+24
 0.58554346E+26 0.91246760E+24
 0.58487398E+26 0.90735245E+24
 0.58420263E+26 0.90226070E+24
 0.58352836E+26 0.89719313E+24
 0.58284950E+26 0.89214955E+24
 0.58217023E+26 0.88712916E+24
 0.58148566E+26 0.88213217E+24
 0.58079779E+26 0.87715852E+24
 0.58010738E+26 0.87220808E+24
 0.57941131E+26 0.86728078E+24
 0.57871558E+26 0.86237648E+24
 0.57801435E+26 0.85749519E+24
 0.57730940E+26 0.85263674E+24
 0.57660278E+26 0.84780097E+24
 0.57589236E+26 0.84298787E+24
 0.57517549E+26 0.83819731E+24
 0.57445947E+26 0.83342925E+24
 0.55846159E+26 0.82868356E+24
 0.55754444E+26 0.82396017E+24
 0.55827419E+26 0.81925885E+24
 0.57155557E+26 0.81457972E+24
 0.57082081E+26 0.80992252E+24
 0.57008351E+26 0.80528724E+24
 0.56934383E+26 0.80067375E+24
 0.56860045E+26 0.79608198E+24
 0.56785134E+26 0.79151185E+24
 0.56709948E+26 0.78696324E+24
 0.56634555E+26 0.78243608E+24
 0.56558758E+26 0.77793028E+24
 0.56482643E+26 0.77344575E+24
 0.56406068E+26 0.76898238E+24
 0.56329224E+26 0.76454014E+24
 0.56252181E+26 0.76011888E+24
 0.56174552E+26 0.75571854E+24
 0.56096789E+26 0.75133904E+24
 0.56018517E+26 0.74698030E+24
 0.55939867E+26 0.74264222E+24
 0.55860994E+26 0.73832471E+24
 0.55781582E+26 0.73402770E+24
 0.55702089E+26 0.72975108E+24
 0.55622274E+26 0.72549480E+24
 0.55541886E+26 0.72125878E+24
 0.55461213E+26 0.71704291E+24
 0.55380235E+26 0.71284712E+24
 0.55298906E+26 0.70867133E+24
 0.55217201E+26 0.70451552E+24
 0.55135137E+26 0.70037955E+24
 0.55052797E+26 0.69626333E+24
 0.54969952E+26 0.69216676E+24
 0.54886869E+26 0.68808981E+24
 0.53032886E+26 0.68403236E+24
 0.52618853E+26 0.67999435E+24
 0.52536834E+26 0.67597573E+24
 0.53821918E+26 0.67197638E+24
 0.54466326E+26 0.66799625E+24
 0.54381071E+26 0.66403526E+24
 0.54295512E+26 0.66009331E+24
 0.54209663E+26 0.65617036E+24
 0.54123386E+26 0.65226632E+24
 0.54036913E+26 0.64838111E+24
 0.53949991E+26 0.64451466E+24
 0.53862803E+26 0.64066691E+24
 0.53774933E+26 0.63683777E+24
 0.53687044E+26 0.63302716E+24
 0.53598896E+26 0.62923503E+24
 0.53510367E+26 0.62546128E+24
 0.53421308E+26 0.62170585E+24
 0.53331872E+26 0.61796868E+24
 0.53242302E+26 0.61424970E+24
 0.53152244E+26 0.61054883E+24
 0.53061941E+26 0.60686598E+24
 0.52971322E+26 0.60320113E+24
 0.52880167E+26 0.59955416E+24
 0.52788726E+26 0.59592501E+24
 0.52697166E+26 0.59231363E+24
 0.52605080E+26 0.58871994E+24
 0.52512625E+26 0.58514387E+24
 0.52419968E+26 0.58158536E+24
 0.52326791E+26 0.57804436E+24
 0.45490874E+26 0.57452076E+24
 0.41595934E+26 0.57101452E+24
 0.41512470E+26 0.56752557E+24
 0.50369066E+26 0.56405384E+24
 0.51856131E+26 0.56059927E+24
 0.51761162E+26 0.55716180E+24
 0.51666044E+26 0.55374133E+24
 0.51570414E+26 0.55033784E+24
 0.51474357E+26 0.54695124E+24
 0.51377658E+26 0.54358148E+24
 0.51281281E+26 0.54022849E+24
 0.51184108E+26 0.53689218E+24
 0.51086875E+26 0.53357252E+24
 0.50989173E+26 0.53026945E+24
 0.50891047E+26 0.52698288E+24
 0.50792564E+26 0.52371276E+24
 0.50694252E+26 0.52045905E+24
 0.50595412E+26 0.51722166E+24
 0.50496018E+26 0.51400053E+24
 0.50396696E+26 0.51079561E+24
 0.50296536E+26 0.50760684E+24
 0.50196534E+26 0.50443416E+24
 0.50095981E+26 0.50127750E+24
 0.49995259E+26 0.49813680E+24
 0.49894016E+26 0.49501201E+24
 0.49792851E+26 0.49190306E+24
 0.49691120E+26 0.48880991E+24
 0.49589211E+26 0.48573248E+24
 0.49486480E+26 0.48267072E+24
 0.49383993E+26 0.47962456E+24
 0.49281144E+26 0.47659395E+24
 0.49178213E+26 0.47357884E+24
 0.49074589E+26 0.47057916E+24
 0.48970782E+26 0.46759485E+24
 0.48866792E+26 0.46462586E+24
 0.48762392E+26 0.46167213E+24
 0.48657828E+26 0.45873362E+24
 0.48553064E+26 0.45581024E+24
 0.48447801E+26 0.45290197E+24
 0.48342571E+26 0.45000873E+24
 0.48236646E+26 0.44713046E+24
 0.48130628E+26 0.44426713E+24
 0.48024397E+26 0.44141866E+24
 0.47917927E+26 0.43858500E+24
 0.47811268E+26 0.43576610E+24
 0.47704111E+26 0.43296191E+24
 0.47596726E+26 0.43017236E+24
 0.47489301E+26 0.42739741E+24
 0.47381365E+26 0.42463700E+24
 0.43906683E+26 0.42189106E+24
 0.43796774E+26 0.41915956E+24
 0.44066168E+26 0.41644244E+24
 0.46947597E+26 0.41373963E+24
 0.46838721E+26 0.41105110E+24
 0.46729280E+26 0.40837678E+24
 0.46619779E+26 0.40571662E+24
 0.46510087E+26 0.40307057E+24
 0.46399963E+26 0.40043858E+24
 0.46289814E+26 0.39782060E+24
 0.46179374E+26 0.39521655E+24
 0.46068750E+26 0.39262642E+24
 0.45957654E+26 0.39005012E+24
 0.45846701E+26 0.38748763E+24
 0.45735449E+26 0.38493886E+24
 0.45623803E+26 0.38240380E+24
 0.45511915E+26 0.37988238E+24
 0.45400054E+26 0.37737454E+24
 0.45288075E+26 0.37488023E+24
 0.45175530E+26 0.37239942E+24
 0.45062773E+26 0.36993204E+24
 0.44950143E+26 0.36747803E+24
 0.44837141E+26 0.36503737E+24
 0.44723834E+26 0.36260998E+24
 0.44610404E+26 0.36019583E+24
 0.44496877E+26 0.35779486E+24
 0.44383265E+26 0.35540702E+24
 0.44269403E+26 0.35303226E+24
 0.44155090E+26 0.35067052E+24
 0.44040948E+26 0.34832177E+24
 0.43853436E+26 0.34598596E+24
 0.43728754E+26 0.34366302E+24
 0.43613884E+26 0.34135289E+24
 0.43582003E+26 0.33905555E+24
 0.43467052E+26 0.33677095E+24
 0.43351733E+26 0.33449903E+24
 0.43236331E+26 0.33223976E+24
 0.43120893E+26 0.32999306E+24
 0.43005039E+26 0.32775891E+24
 0.41988570E+26 0.32553725E+24
 0.41140109E+26 0.32332803E+24
 0.41026604E+26 0.32113120E+24
 0.42160041E+26 0.31894671E+24
 0.42424347E+26 0.31677452E+24
 0.42307809E+26 0.31461458E+24
 0.42191040E+26 0.31246684E+24
 0.42074446E+26 0.31033124E+24
 0.41957368E+26 0.30820775E+24
 0.41840434E+26 0.30609631E+24
 0.41723384E+26 0.30399688E+24
 0.41605987E+26 0.30190940E+24
 0.41488730E+26 0.29983384E+24
 0.41371145E+26 0.29777015E+24
 0.41253666E+26 0.29571826E+24
 0.41136014E+26 0.29367815E+24
 0.41018147E+26 0.29164975E+24
 0.40900242E+26 0.28963304E+24
 0.40782542E+26 0.28762789E+24
 0.40664404E+26 0.28563438E+24
 0.40546417E+26 0.28365240E+24
 0.40428173E+26 0.28168191E+24
 0.40309971E+26 0.27972286E+24
 0.40191558E+26 0.27777520E+24
 0.40073158E+26 0.27583889E+24
 0.39954589E+26 0.27391388E+24
 0.39678394E+26 0.27200012E+24
 0.39555098E+26 0.27009757E+24
 0.39441978E+26 0.26820618E+24
 0.39480278E+26 0.26632590E+24
 0.39361283E+26 0.26445668E+24
 0.39242630E+26 0.26259849E+24
 0.39123790E+26 0.26075127E+24
 0.39004856E+26 0.25891499E+24
 0.36802407E+26 0.25708960E+24
 0.36669114E+26 0.25527503E+24
 0.36716863E+26 0.25347127E+24
 0.38529100E+26 0.25167825E+24
 0.38409896E+26 0.24989593E+24
 0.38290911E+26 0.24812427E+24
 0.38171888E+26 0.24636321E+24
 0.38052792E+26 0.24461273E+24
 0.37933748E+26 0.24287276E+24
 0.37814562E+26 0.24114327E+24
 0.37695357E+26 0.23942420E+24
 0.37576303E+26 0.23771552E+24
 0.37457179E+26 0.23601718E+24
 0.37338045E+26 0.23432913E+24
 0.37219041E+26 0.23265134E+24
 0.37099860E+26 0.23098374E+24
 0.36980820E+26 0.22932631E+24
 0.36861719E+26 0.22767899E+24
 0.36742654E+26 0.22604173E+24
 0.36623593E+26 0.22441451E+24
 0.36504594E+26 0.22279726E+24
 0.36385627E+26 0.22118996E+24
 0.36266685E+26 0.21959254E+24
 0.36147777E+26 0.21800497E+24
 0.36028857E+26 0.21642721E+24
 0.35909986E+26 0.21485919E+24
 0.35791376E+26 0.21330090E+24
 0.35672489E+26 0.21175229E+24
 0.35553726E+26 0.21021330E+24
 0.33843350E+26 0.20868389E+24
 0.33714572E+26 0.20716402E+24
 0.33735977E+26 0.20565364E+24
 0.35079447E+26 0.20415272E+24
 0.34961060E+26 0.20266121E+24
 0.34842739E+26 0.20117906E+24
 0.34724437E+26 0.19970624E+24
 0.34606243E+26 0.19824269E+24
 0.34488026E+26 0.19678838E+24
 0.34370016E+26 0.19534326E+24
 0.34252024E+26 0.19390730E+24
 0.34134228E+26 0.19248043E+24
 0.34016240E+26 0.19106263E+24
 0.33898498E+26 0.18965385E+24
 0.33780872E+26 0.18825405E+24
 0.33663311E+26 0.18686318E+24
 0.33545869E+26 0.18548120E+24
 0.33428538E+26 0.18410807E+24
 0.33311132E+26 0.18274375E+24
 0.33194050E+26 0.18138819E+24
 0.33077106E+26 0.18004135E+24
 0.32960235E+26 0.17870320E+24
 0.32843249E+26 0.17737368E+24
 0.32726635E+26 0.17605276E+24
 0.32610162E+26 0.17474038E+24
 0.32493611E+26 0.17343652E+24
 0.32377355E+26 0.17214113E+24
 0.32260869E+26 0.17085417E+24
 0.32144920E+26 0.16957560E+24
 0.32028749E+26 0.16830536E+24
 0.31912911E+26 0.16704343E+24
 0.31797322E+26 0.16578977E+24
 0.31681717E+26 0.16454432E+24
 0.31566115E+26 0.16330705E+24
 0.31450993E+26 0.16207792E+24
 0.31335760E+26 0.16085689E+24
 0.31220625E+26 0.15964391E+24
 0.31105793E+26 0.15843895E+24
 0.30991188E+26 0.15724196E+24
 0.30876626E+26 0.15605290E+24
 0.30762025E+26 0.15487174E+24
 0.30647767E+26 0.15369843E+24
 0.30533589E+26 0.15253292E+24
 0.30419692E+26 0.15137520E+24
 0.30305761E+26 0.15022521E+24
 0.30192348E+26 0.14908290E+24
 0.30078692E+26 0.14794825E+24
 0.29965531E+26 0.14682120E+24
 0.29547889E+26 0.14570173E+24
 0.29259207E+26 0.14458979E+24
 0.29148190E+26 0.14348535E+24
 0.29478309E+26 0.14238835E+24
 0.29401458E+26 0.14129877E+24
 0.29289259E+26 0.14021656E+24
 0.29177290E+26 0.13914169E+24
 0.29065489E+26 0.13807411E+24
 0.28953646E+26 0.13701379E+24
 0.28842099E+26 0.13596069E+24
 0.28730852E+26 0.13491476E+24
 0.28619819E+26 0.13387598E+24
 0.28508676E+26 0.13284430E+24
 0.28397971E+26 0.13181968E+24
 0.28287393E+26 0.13080208E+24
 0.28177033E+26 0.12979148E+24
 0.28066866E+26 0.12878782E+24
 0.27956879E+26 0.12779107E+24
 0.27847147E+26 0.12680119E+24
 0.27737681E+26 0.12581814E+24
 0.27628313E+26 0.12484190E+24
 0.27519059E+26 0.12387241E+24
 0.27410150E+26 0.12290965E+24
 0.27301385E+26 0.12195356E+24
 0.27192906E+26 0.12100413E+24
 0.27084542E+26 0.12006130E+24
 0.26976395E+26 0.11912505E+24
 0.26868693E+26 0.11819533E+24
 0.26761028E+26 0.11727212E+24
 0.26653383E+26 0.11635536E+24
 0.26546204E+26 0.11544503E+24
 0.26439205E+26 0.11454109E+24
 0.26332534E+26 0.11364350E+24
 0.26225828E+26 0.11275223E+24
 0.26119516E+26 0.11186724E+24
 0.26013442E+26 0.11098849E+24
 0.25907452E+26 0.11011596E+24
 0.25801837E+26 0.10924959E+24
 0.25696403E+26 0.10838936E+24
 0.25591164E+26 0.10753524E+24
 0.25486225E+26 0.10668718E+24
 0.25381612E+26 0.10584515E+24
 0.25277034E+26 0.10500912E+24
 0.25172770E+26 0.10417904E+24
 0.25068757E+26 0.10335490E+24
 0.24964907E+26 0.10253664E+24
 0.24861370E+26 0.10172424E+24
 0.24758051E+26 0.10091767E+24
 0.24655003E+26 0.10011688E+24
 0.24552128E+26 0.99321840E+23
 0.24449540E+26 0.98532523E+23
 0.24347224E+26 0.97748890E+23
 0.24245171E+26 0.96970909E+23
 0.24143272E+26 0.96198545E+23
 0.24041605E+26 0.95431764E+23
 0.23940430E+26 0.94670533E+23
 0.23839162E+26 0.93914819E+23
 0.23738275E+26 0.93164588E+23
 0.23637773E+26 0.92419806E+23
 0.23537374E+26 0.91680442E+23
 0.23437200E+26 0.90946462E+23
 0.23337377E+26 0.90217833E+23
 0.23237749E+26 0.89494523E+23
 0.23138331E+26 0.88776498E+23
 0.23039171E+26 0.88063728E+23
 0.22940388E+26 0.87356178E+23
 0.22841778E+26 0.86653817E+23
 0.22743457E+26 0.85956614E+23
 0.22645359E+26 0.85264536E+23
 0.22547514E+26 0.84577551E+23
 0.22449960E+26 0.83895628E+23
 0.22352568E+26 0.83218735E+23
 0.22255663E+26 0.82546841E+23
 0.20379423E+26 0.81879915E+23
 0.18429687E+26 0.81217925E+23
 0.18353449E+26 0.80560841E+23
 0.21277313E+26 0.79908632E+23
 0.21774229E+26 0.79261270E+23
 0.21678774E+26 0.78618718E+23
 0.21583602E+26 0.77980948E+23
 0.21488644E+26 0.77347931E+23
 0.21393910E+26 0.76719637E+23
 0.21299327E+26 0.76096034E+23
 0.21205323E+26 0.75477094E+23
 0.21111460E+26 0.74862786E+23
 0.20814686E+26 0.74253081E+23
 0.20722575E+26 0.73647948E+23
 0.20685994E+26 0.73047360E+23
 0.20738537E+26 0.72451286E+23
 0.20645899E+26 0.71859698E+23
 0.20553620E+26 0.71272565E+23
 0.20461650E+26 0.70689860E+23
 0.20369945E+26 0.70111554E+23
 0.20278414E+26 0.69537617E+23
 0.20187212E+26 0.68968022E+23
 0.20096233E+26 0.68402740E+23
 0.20005558E+26 0.67841743E+23
 0.19915184E+26 0.67285003E+23
 0.19824997E+26 0.66732491E+23
 0.19735144E+26 0.66184180E+23
 0.19645519E+26 0.65640043E+23
 0.19556227E+26 0.65100051E+23
 0.19467154E+26 0.64564177E+23
 0.19378466E+26 0.64032394E+23
 0.19289871E+26 0.63504675E+23
 0.19201650E+26 0.62980992E+23
 0.19113762E+26 0.62461319E+23
 0.19025972E+26 0.61945629E+23
 0.18938510E+26 0.61433895E+23
 0.18851409E+26 0.60926090E+23
 0.18764504E+26 0.60422189E+23
 0.18677895E+26 0.59922165E+23
 0.18591532E+26 0.59425992E+23
 0.18505496E+26 0.58933644E+23
 0.18419704E+26 0.58445094E+23
 0.18334228E+26 0.57960318E+23
 0.18248939E+26 0.57479290E+23
 0.18163951E+26 0.57001983E+23
 0.18079350E+26 0.56528374E+23
 0.17994866E+26 0.56058436E+23
 0.17910708E+26 0.55592144E+23
 0.17826923E+26 0.55129474E+23
 0.17743212E+26 0.54670401E+23
 0.17659854E+26 0.54214899E+23
 0.17576838E+26 0.53762945E+23
 0.17493975E+26 0.53314514E+23
 0.17411537E+26 0.52869581E+23
 0.17329267E+26 0.52428123E+23
 0.17247314E+26 0.51990115E+23
 0.17165643E+26 0.51555534E+23
 0.17084212E+26 0.51124355E+23
 0.17003057E+26 0.50696555E+23
 0.16922187E+26 0.50272110E+23
 0.16841654E+26 0.49850997E+23
 0.16761253E+26 0.49433193E+23
 0.16681197E+26 0.49018674E+23
 0.16601369E+26 0.48607418E+23
 0.16521821E+26 0.48199401E+23
 0.16442656E+26 0.47794601E+23
 0.16363621E+26 0.47392994E+23
 0.16284982E+26 0.46994560E+23
 0.16206567E+26 0.46599274E+23
 0.16128413E+26 0.46207115E+23
 0.16050590E+26 0.45818061E+23
 0.15972915E+26 0.45432089E+23
 0.15895569E+26 0.45049178E+23
 0.15818493E+26 0.44669305E+23
 0.15741663E+26 0.44292450E+23
 0.15665181E+26 0.43918590E+23
 0.15588918E+26 0.43547705E+23
 0.15512927E+26 0.43179772E+23
 0.15437205E+26 0.42814771E+23
 0.15361729E+26 0.42452681E+23
 0.15286573E+26 0.42093480E+23
 0.15211660E+26 0.41737148E+23
 0.15137019E+26 0.41383665E+23
 0.15062644E+26 0.41033008E+23
 0.14988511E+26 0.40685159E+23
 0.14914697E+26 0.40340097E+23
 0.14841102E+26 0.39997802E+23
 0.14767796E+26 0.39658252E+23
 0.14694783E+26 0.39321430E+23
 0.14621993E+26 0.38987314E+23
 0.14549550E+26 0.38655885E+23
 0.14477239E+26 0.38327123E+23
 0.14405300E+26 0.38001008E+23
 0.14333587E+26 0.37677523E+23
 0.14262152E+26 0.37356646E+23
 0.14190955E+26 0.37038359E+23
 0.14120134E+26 0.36722643E+23
 0.14049412E+26 0.36409480E+23
 0.13979014E+26 0.36098849E+23
 0.13908916E+26 0.35790733E+23
 0.13839036E+26 0.35485112E+23
 0.13769471E+26 0.35181969E+23
 0.13700122E+26 0.34881285E+23
 0.13631039E+26 0.34583042E+23
 0.13562237E+26 0.34287222E+23
 0.13493669E+26 0.33993806E+23
 0.13425423E+26 0.33702777E+23
 0.13357376E+26 0.33414117E+23
 0.13289636E+26 0.33127809E+23
 0.13222107E+26 0.32843834E+23
 0.13154859E+26 0.32562175E+23
 0.13087877E+26 0.32282815E+23
 0.13021149E+26 0.32005737E+23
 0.12954677E+26 0.31730924E+23
 0.12888457E+26 0.31458358E+23
 0.12822568E+26 0.31188023E+23
 0.12756814E+26 0.30919901E+23
 0.12691386E+26 0.30653977E+23
 0.12626180E+26 0.30390233E+23
 0.12561271E+26 0.30128653E+23
 0.12496598E+26 0.29869221E+23
 0.12432175E+26 0.29611920E+23
 0.12368014E+26 0.29356734E+23
 0.12304076E+26 0.29103648E+23
 0.12240441E+26 0.28852645E+23
 0.12177019E+26 0.28603709E+23
 0.12113881E+26 0.28356825E+23
 0.12050963E+26 0.28111976E+23
 0.11988342E+26 0.27869148E+23
 0.11925908E+26 0.27628325E+23
 0.11863761E+26 0.27389492E+23
 0.11801857E+26 0.27152633E+23
 0.11740230E+26 0.26917733E+23
 0.11678815E+26 0.26684777E+23
 0.11617665E+26 0.26453751E+23
 0.11556746E+26 0.26224638E+23
 0.11496097E+26 0.25997426E+23
 0.11435705E+26 0.25772099E+23
 0.11375526E+26 0.25548642E+23
 0.11315608E+26 0.25327041E+23
 0.11255936E+26 0.25107282E+23
 0.11196509E+26 0.24889350E+23
 0.11137327E+26 0.24673231E+23
 0.11078389E+26 0.24458912E+23
 0.11019712E+26 0.24246377E+23
 0.10961257E+26 0.24035615E+23
 0.10903049E+26 0.23826609E+23
 0.10845061E+26 0.23619348E+23
 0.10787338E+26 0.23413817E+23
 0.10729851E+26 0.23210003E+23
 0.10672618E+26 0.23007892E+23
 0.10615595E+26 0.22807471E+23
 0.10558796E+26 0.22608727E+23
 0.10502288E+26 0.22411647E+23
 0.10446058E+26 0.22216217E+23
 0.10389941E+26 0.22022425E+23
 0.10334136E+26 0.21830258E+23
 0.10278555E+26 0.21639704E+23
 0.10223209E+26 0.21450748E+23
 0.10168102E+26 0.21263380E+23
 0.10113224E+26 0.21077585E+23
 0.10058578E+26 0.20893353E+23
 0.10004198E+26 0.20710670E+23
 0.99499973E+25 0.20529525E+23
 0.98960547E+25 0.20349905E+23
 0.98423425E+25 0.20171797E+23
 0.97888609E+25 0.19995191E+23
 0.97356233E+25 0.19820075E+23
 0.96826042E+25 0.19646435E+23
 0.96298003E+25 0.19474261E+23
 0.95772377E+25 0.19303542E+23
 0.95249169E+25 0.19134264E+23
 0.94728121E+25 0.18966418E+23
 0.94209310E+25 0.18799991E+23
 0.93692786E+25 0.18634972E+23
 0.93178539E+25 0.18471351E+23
 0.92666399E+25 0.18309115E+23
 0.92156584E+25 0.18148254E+23
 0.91649159E+25 0.17988756E+23
 0.91143885E+25 0.17830612E+23
 0.90640822E+25 0.17673809E+23
 0.90139943E+25 0.17518338E+23
 0.89641319E+25 0.17364187E+23
 0.89144772E+25 0.17211346E+23
 0.88650526E+25 0.17059804E+23
 0.88158602E+25 0.16909552E+23
 0.87668782E+25 0.16760577E+23
 0.87181122E+25 0.16612872E+23
 0.86695535E+25 0.16466424E+23
 0.86212364E+25 0.16321224E+23
 0.85731103E+25 0.16177261E+23
 0.85252274E+25 0.16034527E+23
 0.84775316E+25 0.15893010E+23
 0.84300748E+25 0.15752701E+23
 0.83828115E+25 0.15613591E+23
 0.83357722E+25 0.15475669E+23
 0.82889434E+25 0.15338925E+23
 0.82423231E+25 0.15203351E+23
 0.81959267E+25 0.15068937E+23
 0.81497391E+25 0.14935673E+23
 0.81037569E+25 0.14803550E+23
 0.80579833E+25 0.14672559E+23
 0.80124301E+25 0.14542690E+23
 0.79670665E+25 0.14413935E+23
 0.79219209E+25 0.14286283E+23
 0.78769813E+25 0.14159727E+23
 0.78322493E+25 0.14034257E+23
 0.77877339E+25 0.13909865E+23
 0.77434135E+25 0.13786541E+23
 0.76992880E+25 0.13664276E+23
 0.76553734E+25 0.13543063E+23
 0.76116880E+25 0.13422893E+23
 0.75681696E+25 0.13303756E+23
 0.75248660E+25 0.13185645E+23
 0.74817641E+25 0.13068551E+23
 0.74388636E+25 0.12952465E+23
 0.73961613E+25 0.12837380E+23
 0.73536604E+25 0.12723287E+23
 0.73113577E+25 0.12610178E+23
 0.72692535E+25 0.12498045E+23
 0.72273483E+25 0.12386879E+23
 0.71856384E+25 0.12276674E+23
 0.71441252E+25 0.12167420E+23
 0.71028099E+25 0.12059110E+23
 0.70616784E+25 0.11951737E+23
 0.70207587E+25 0.11845292E+23
 0.69800263E+25 0.11739768E+23
 0.69394846E+25 0.11635157E+23
 0.68991280E+25 0.11531451E+23
 0.68589726E+25 0.11428644E+23
 0.68190162E+25 0.11326727E+23
 0.67792431E+25 0.11225694E+23
 0.67396595E+25 0.11125536E+23
 0.67002673E+25 0.11026247E+23
 0.66610596E+25 0.10927820E+23
 0.66220341E+25 0.10830246E+23
 0.65832133E+25 0.10733520E+23
 0.65445716E+25 0.10637634E+23
 0.65061137E+25 0.10542581E+23
 0.64678431E+25 0.10448354E+23
 0.64297565E+25 0.10354946E+23
 0.63918547E+25 0.10262351E+23
 0.63541319E+25 0.10170561E+23
 0.63166015E+25 0.10079570E+23
 0.62792493E+25 0.99893708E+22
 0.62420799E+25 0.98999575E+22
 0.62050905E+25 0.98113231E+22
 0.61682799E+25 0.97234612E+22
 0.61316526E+25 0.96363652E+22
 0.60951948E+25 0.95500287E+22
 0.60589297E+25 0.94644454E+22
 0.60228372E+25 0.93796089E+22
 0.59869291E+25 0.92955130E+22
 0.59511802E+25 0.92121514E+22
 0.59156245E+25 0.91295180E+22
 0.58802310E+25 0.90476066E+22
 0.58450163E+25 0.89664111E+22
 0.58099793E+25 0.88859256E+22
 0.57751130E+25 0.88061440E+22
 0.57404219E+25 0.87270604E+22
 0.57059002E+25 0.86486689E+22
 0.56715536E+25 0.85709637E+22
 0.56373749E+25 0.84939390E+22
 0.56033678E+25 0.84175890E+22
 0.55695318E+25 0.83419081E+22
 0.55358635E+25 0.82668905E+22
 0.55023645E+25 0.81925307E+22
 0.54690333E+25 0.81188230E+22
 0.54358695E+25 0.80457621E+22
 0.54028725E+25 0.79733423E+22
 0.53700414E+25 0.79015583E+22
 0.53373773E+25 0.78304046E+22
 0.53048754E+25 0.77598760E+22
 0.52725387E+25 0.76899670E+22
 0.52403661E+25 0.76206725E+22
 0.52083541E+25 0.75519873E+22
 0.51765099E+25 0.74839060E+22
 0.51448209E+25 0.74164237E+22
 0.51133056E+25 0.73495352E+22
 0.50819354E+25 0.72832355E+22
 0.50507328E+25 0.72175195E+22
 0.50196873E+25 0.71523822E+22
 0.49888015E+25 0.70878189E+22
 0.49580734E+25 0.70238244E+22
 0.49275052E+25 0.69603941E+22
 0.48970962E+25 0.68975230E+22
 0.48668340E+25 0.68352064E+22
 0.48367330E+25 0.67734396E+22
 0.48067884E+25 0.67122178E+22
 0.47769971E+25 0.66515365E+22
 0.47473595E+25 0.65913910E+22
 0.47178753E+25 0.65317766E+22
 0.46885429E+25 0.64726889E+22
 0.46593634E+25 0.64141233E+22
 0.46303373E+25 0.63560754E+22
 0.46014606E+25 0.62985408E+22
 0.45727341E+25 0.62415149E+22
 0.45441577E+25 0.61849936E+22
 0.45157303E+25 0.61289723E+22
 0.44874515E+25 0.60734469E+22
 0.44593195E+25 0.60184131E+22
 0.44313376E+25 0.59638667E+22
 0.44035010E+25 0.59098034E+22
 0.43758121E+25 0.58562191E+22
 0.43482675E+25 0.58031097E+22
 0.43208666E+25 0.57504712E+22
 0.42936012E+25 0.56982994E+22
 0.42664891E+25 0.56465903E+22
 0.42395212E+25 0.55953399E+22
 0.42126967E+25 0.55445443E+22
 0.41860146E+25 0.54941997E+22
 0.41594737E+25 0.54443020E+22
 0.41330740E+25 0.53948474E+22
 0.41068147E+25 0.53458321E+22
 0.40806939E+25 0.52972524E+22
 0.40547154E+25 0.52491044E+22
 0.40288742E+25 0.52013844E+22
 0.40031713E+25 0.51540887E+22
 0.39776060E+25 0.51072136E+22
 0.39521778E+25 0.50607556E+22
 0.39268853E+25 0.50147109E+22
 0.39017296E+25 0.49690761E+22
 0.38767106E+25 0.49238475E+22
 0.38518255E+25 0.48790216E+22
 0.38270746E+25 0.48345951E+22
 0.38024575E+25 0.47905643E+22
 0.37779725E+25 0.47469258E+22
 0.37536224E+25 0.47036764E+22
 0.37294033E+25 0.46608125E+22
 0.37053157E+25 0.46183308E+22
 0.36813592E+25 0.45762280E+22
 0.36575331E+25 0.45345009E+22
 0.36338370E+25 0.44931461E+22
 0.36102703E+25 0.44521605E+22
 0.35868324E+25 0.44115407E+22
 0.35635229E+25 0.43712837E+22
 0.35403411E+25 0.43313862E+22
 0.35172866E+25 0.42918452E+22
 0.34943587E+25 0.42526575E+22
 0.34715570E+25 0.42138200E+22
 0.34488811E+25 0.41753298E+22
 0.34263302E+25 0.41371837E+22
 0.34039038E+25 0.40993788E+22
 0.33816015E+25 0.40619121E+22
 0.33594227E+25 0.40247807E+22
 0.33373668E+25 0.39879815E+22
 0.33154335E+25 0.39515118E+22
 0.32936222E+25 0.39153687E+22
 0.32719322E+25 0.38795492E+22
 0.32503632E+25 0.38440506E+22
 0.32289145E+25 0.38088700E+22
 0.32075857E+25 0.37740047E+22
 0.31863772E+25 0.37394519E+22
 0.31652857E+25 0.37052089E+22
 0.31443135E+25 0.36712729E+22
 0.31234600E+25 0.36376414E+22
 0.31027219E+25 0.36043115E+22
 0.30821016E+25 0.35712808E+22
 0.30615984E+25 0.35385464E+22
 0.30412093E+25 0.35061060E+22
 0.30209372E+25 0.34739568E+22
 0.30007782E+25 0.34420963E+22
 0.29807352E+25 0.34105220E+22
 0.29608042E+25 0.33792314E+22
 0.29409873E+25 0.33482219E+22
 0.29212832E+25 0.33174912E+22
 0.29016915E+25 0.32870367E+22
 0.28822115E+25 0.32568561E+22
 0.28628429E+25 0.32269469E+22
 0.28435850E+25 0.31973068E+22
 0.28244375E+25 0.31679333E+22
 0.28053998E+25 0.31388242E+22
 0.27864714E+25 0.31099770E+22
 0.27676518E+25 0.30813896E+22
 0.27489406E+25 0.30530596E+22
 0.27303374E+25 0.30249847E+22
 0.27118415E+25 0.29971628E+22
 0.26934525E+25 0.29695915E+22
 0.26751700E+25 0.29422686E+22
 0.26569935E+25 0.29151921E+22
 0.26389225E+25 0.28883596E+22
 0.26209613E+25 0.28617691E+22
 0.26030950E+25 0.28354184E+22
 0.25853376E+25 0.28093054E+22
 0.25676837E+25 0.27834280E+22
 0.25501331E+25 0.27577841E+22
 0.25326851E+25 0.27323717E+22
 0.25153392E+25 0.27071886E+22
 0.24980951E+25 0.26822330E+22
 0.24809523E+25 0.26575027E+22
 0.24639102E+25 0.26329958E+22
 0.24469685E+25 0.26087104E+22
 0.24301267E+25 0.25846443E+22
 0.24133844E+25 0.25607958E+22
 0.23967409E+25 0.25371628E+22
 0.23801960E+25 0.25137436E+22
 0.23637492E+25 0.24905361E+22
 0.23474000E+25 0.24675385E+22
 0.23311479E+25 0.24447489E+22
 0.23149969E+25 0.24221656E+22
 0.22989377E+25 0.23997866E+22
 0.22829744E+25 0.23776102E+22
 0.22671065E+25 0.23556346E+22
 0.22513335E+25 0.23338579E+22
 0.22356540E+25 0.23122785E+22
 0.22200704E+25 0.22908945E+22
 0.22045794E+25 0.22697043E+22
 0.21891817E+25 0.22487060E+22
 0.21738766E+25 0.22278981E+22
 0.21586638E+25 0.22072788E+22
 0.21435429E+25 0.21868465E+22
 0.21285134E+25 0.21665994E+22
 0.21135748E+25 0.21465360E+22
 0.20987253E+25 0.21266546E+22
 0.20839689E+25 0.21069536E+22
 0.20693007E+25 0.20874313E+22
 0.20547217E+25 0.20680863E+22
 0.20402316E+25 0.20489168E+22
 0.20258299E+25 0.20299214E+22
 0.20115162E+25 0.20110985E+22
 0.19972893E+25 0.19924466E+22
 0.19831502E+25 0.19739641E+22
 0.19690987E+25 0.19556496E+22
 0.19551319E+25 0.19375015E+22
 0.19412525E+25 0.19195183E+22
 0.19274578E+25 0.19016986E+22
 0.19137482E+25 0.18840410E+22
 0.19001225E+25 0.18665439E+22
 0.18865818E+25 0.18492060E+22
 0.18731249E+25 0.18320258E+22
 0.18597514E+25 0.18150019E+22
 0.18464609E+25 0.17981330E+22
 0.18332537E+25 0.17814176E+22
 0.18201273E+25 0.17648544E+22
 0.18070834E+25 0.17484420E+22
 0.17941208E+25 0.17321790E+22
 0.17812392E+25 0.17160642E+22
 0.17684383E+25 0.17000962E+22
 0.17557174E+25 0.16842737E+22
 0.17430764E+25 0.16685954E+22
 0.17305154E+25 0.16530600E+22
 0.17180321E+25 0.16376662E+22
 0.17056281E+25 0.16224128E+22
 0.16933022E+25 0.16072985E+22
 0.16810542E+25 0.15923220E+22
 0.16688841E+25 0.15774822E+22
 0.16567899E+25 0.15627777E+22
 0.16447729E+25 0.15482075E+22
 0.16328322E+25 0.15337702E+22
 0.16209674E+25 0.15194648E+22
 0.16091781E+25 0.15052899E+22
 0.15974638E+25 0.14912445E+22
 0.15858243E+25 0.14773274E+22
 0.15742592E+25 0.14635374E+22
 0.15627680E+25 0.14498734E+22
 0.15513503E+25 0.14363343E+22
 0.15400059E+25 0.14229189E+22
 0.15287343E+25 0.14096262E+22
 0.15175352E+25 0.13964550E+22
 0.15064081E+25 0.13834042E+22
 0.14953528E+25 0.13704728E+22
 0.14843688E+25 0.13576597E+22
 0.14734558E+25 0.13449638E+22
 0.14626134E+25 0.13323841E+22
 0.14518412E+25 0.13199195E+22
 0.14411390E+25 0.13075690E+22
 0.14305062E+25 0.12953316E+22
 0.14199425E+25 0.12832062E+22
 0.14094477E+25 0.12711919E+22
 0.13990213E+25 0.12592877E+22
 0.13886629E+25 0.12474924E+22
 0.13783722E+25 0.12358053E+22
 0.13681489E+25 0.12242253E+22
 0.13579926E+25 0.12127514E+22
 0.13479029E+25 0.12013827E+22
 0.13378795E+25 0.11901182E+22
 0.13279220E+25 0.11789571E+22
 0.13180302E+25 0.11678983E+22
 0.13082035E+25 0.11569409E+22
 0.12984417E+25 0.11460841E+22
 0.12887445E+25 0.11353269E+22
 0.12791114E+25 0.11246684E+22
 0.12695422E+25 0.11141078E+22
 0.12600365E+25 0.11036442E+22
 0.12505939E+25 0.10932766E+22
 0.12412141E+25 0.10830042E+22
 0.12318973E+25 0.10728262E+22
 0.12226422E+25 0.10627417E+22
 0.12134489E+25 0.10527499E+22
 0.12043170E+25 0.10428499E+22
 0.11952462E+25 0.10330408E+22
 0.11862362E+25 0.10233220E+22
 0.11772867E+25 0.10136925E+22
 0.11683974E+25 0.10041516E+22
 0.11595678E+25 0.99469844E+21
 0.11507976E+25 0.98533223E+21
 0.11420867E+25 0.97605220E+21
 0.11334345E+25 0.96685757E+21
 0.11248408E+25 0.95774756E+21
 0.11163053E+25 0.94872142E+21
 0.11078276E+25 0.93977837E+21
 0.10994074E+25 0.93091767E+21
 0.10910444E+25 0.92213858E+21
 0.10827383E+25 0.91344036E+21
 0.10744888E+25 0.90482227E+21
 0.10662954E+25 0.89628359E+21
 0.10581580E+25 0.88782360E+21
 0.10500762E+25 0.87944160E+21
 0.10420493E+25 0.87113686E+21
 0.10340778E+25 0.86290870E+21
 0.10261609E+25 0.85475642E+21
 0.10182985E+25 0.84667933E+21
 0.10104900E+25 0.83867675E+21
 0.10027353E+25 0.83074801E+21
 0.99503406E+24 0.82289243E+21
 0.98738592E+24 0.81510936E+21
 0.97979061E+24 0.80739813E+21
 0.97224782E+24 0.79975810E+21
 0.96475724E+24 0.79218862E+21
 0.95731859E+24 0.78468905E+21
 0.94993155E+24 0.77725875E+21
 0.94259583E+24 0.76989710E+21
 0.93531114E+24 0.76260348E+21
 0.92807719E+24 0.75537726E+21
 0.92089365E+24 0.74821783E+21
 0.91376025E+24 0.74112459E+21
 0.90667670E+24 0.73409694E+21
 0.89964270E+24 0.72713428E+21
 0.89265796E+24 0.72023603E+21
 0.88572220E+24 0.71340159E+21
 0.87883513E+24 0.70663038E+21
 0.87199646E+24 0.69992184E+21
 0.86520591E+24 0.69327539E+21
 0.85846318E+24 0.68669047E+21
 0.85176799E+24 0.68016652E+21
 0.84512008E+24 0.67370298E+21
 0.83851914E+24 0.66729931E+21
 0.83196492E+24 0.66095495E+21
 0.82545711E+24 0.65466938E+21
 0.81899546E+24 0.64844206E+21
 0.81257967E+24 0.64227245E+21
 0.80620949E+24 0.63616003E+21
 0.79988462E+24 0.63010429E+21
 0.79360481E+24 0.62410469E+21
 0.78736977E+24 0.61816074E+21
 0.78117924E+24 0.61227193E+21
 0.77503296E+24 0.60643775E+21
 0.76893064E+24 0.60065771E+21
 0.76287203E+24 0.59493132E+21
 0.75685685E+24 0.58925808E+21
 0.75088486E+24 0.58363750E+21
 0.74495577E+24 0.57806912E+21
 0.73906932E+24 0.57255246E+21
 0.73322526E+24 0.56708704E+21
 0.72742333E+24 0.56167239E+21
 0.72166326E+24 0.55630806E+21
 0.71594481E+24 0.55099358E+21
 0.71026770E+24 0.54572850E+21
 0.70463170E+24 0.54051237E+21
 0.69903654E+24 0.53534474E+21
 0.69348197E+24 0.53022517E+21
 0.68796677E+24 0.52515323E+21
 0.68249264E+24 0.52012847E+21
 0.67705834E+24 0.51515046E+21
 0.67166362E+24 0.51021878E+21
 0.66630826E+24 0.50533301E+21
 0.66099198E+24 0.50049273E+21
 0.65571456E+24 0.49569751E+21
 0.65047574E+24 0.49094696E+21
 0.64527529E+24 0.48624065E+21
 0.64011295E+24 0.48157819E+21
 0.63498850E+24 0.47695918E+21
 0.62990169E+24 0.47238321E+21
 0.62485228E+24 0.46784990E+21
 0.61984003E+24 0.46335886E+21
 0.61486471E+24 0.45890969E+21
 0.60992609E+24 0.45450202E+21
 0.60502393E+24 0.45013546E+21
 0.60015799E+24 0.44580964E+21
 0.59532805E+24 0.44152419E+21
 0.59053388E+24 0.43727874E+21
 0.58577524E+24 0.43307291E+21
 0.58105190E+24 0.42890636E+21
 0.57636365E+24 0.42477871E+21
 0.57171024E+24 0.42068962E+21
 0.56709147E+24 0.41663872E+21
 0.56250710E+24 0.41262568E+21
 0.55795690E+24 0.40865013E+21
 0.55344067E+24 0.40471175E+21
 0.54895818E+24 0.40081018E+21
 0.54450920E+24 0.39694510E+21
 0.54009352E+24 0.39311616E+21
 0.53571093E+24 0.38932303E+21
 0.53136119E+24 0.38556539E+21
 0.52704411E+24 0.38184292E+21
 0.52275947E+24 0.37815528E+21
 0.51850705E+24 0.37450216E+21
 0.51428664E+24 0.37088324E+21
 0.51009802E+24 0.36729821E+21
 0.50594100E+24 0.36374676E+21
 0.50181536E+24 0.36022858E+21
 0.49772089E+24 0.35674336E+21
 0.49365738E+24 0.35329080E+21
 0.48962464E+24 0.34987061E+21
 0.48562245E+24 0.34648247E+21
 0.48165061E+24 0.34312611E+21
 0.47770892E+24 0.33980122E+21
 0.47379718E+24 0.33650752E+21
 0.46991518E+24 0.33324473E+21
 0.46606273E+24 0.33001255E+21
 0.46223963E+24 0.32681071E+21
 0.45844568E+24 0.32363892E+21
 0.45468069E+24 0.32049692E+21
 0.45094445E+24 0.31738442E+21
 0.44723678E+24 0.31430116E+21
 0.44355748E+24 0.31124686E+21
 0.43990637E+24 0.30822127E+21
 0.43628324E+24 0.30522411E+21
 0.43268790E+24 0.30225513E+21
 0.42912018E+24 0.29931406E+21
 0.42557988E+24 0.29640065E+21
 0.42206681E+24 0.29351464E+21
 0.41858079E+24 0.29065578E+21
 0.41512164E+24 0.28782383E+21
 0.41168916E+24 0.28501853E+21
 0.40828317E+24 0.28223963E+21
 0.40490350E+24 0.27948690E+21
 0.40154996E+24 0.27676010E+21
 0.39822238E+24 0.27405898E+21
 0.39492056E+24 0.27138330E+21
 0.39164434E+24 0.26873284E+21
 0.38839354E+24 0.26610737E+21
 0.38516798E+24 0.26350664E+21
 0.38196749E+24 0.26093043E+21
 0.37879189E+24 0.25837852E+21
 0.37564101E+24 0.25585068E+21
 0.37251467E+24 0.25334670E+21
 0.36941271E+24 0.25086634E+21
 0.36633495E+24 0.24840939E+21
 0.36328123E+24 0.24597564E+21
 0.36025138E+24 0.24356487E+21
 0.35724522E+24 0.24117687E+21
 0.35426260E+24 0.23881143E+21
 0.35130335E+24 0.23646834E+21
 0.34836730E+24 0.23414740E+21
 0.34545429E+24 0.23184840E+21
 0.34256415E+24 0.22957113E+21
 0.33969673E+24 0.22731540E+21
 0.33685187E+24 0.22508101E+21
 0.33402945E+24 0.22286775E+21
 0.33122921E+24 0.22067544E+21
 0.32845105E+24 0.21850389E+21
 0.32569481E+24 0.21635289E+21
 0.32296033E+24 0.21422226E+21
 0.32024747E+24 0.21211181E+21
 0.31755605E+24 0.21002136E+21
 0.31488594E+24 0.20795072E+21
 0.31223697E+24 0.20589970E+21
 0.30960900E+24 0.20386812E+21
 0.30700187E+24 0.20185581E+21
 0.30441544E+24 0.19986259E+21
 0.30184956E+24 0.19788828E+21
 0.29930407E+24 0.19593270E+21
 0.29677884E+24 0.19399568E+21
 0.29427371E+24 0.19207704E+21
 0.29178854E+24 0.19017663E+21
 0.28932318E+24 0.18829427E+21
 0.28687750E+24 0.18642979E+21
 0.28445030E+24 0.18458303E+21
 0.28204354E+24 0.18275381E+21
 0.27965603E+24 0.18094199E+21
 0.27728762E+24 0.17914740E+21
 0.27493817E+24 0.17736988E+21
 0.27260855E+24 0.17560926E+21
 0.27029662E+24 0.17386540E+21
 0.26800323E+24 0.17213814E+21
 0.26572827E+24 0.17042732E+21
 0.26347158E+24 0.16873280E+21
 0.26123304E+24 0.16705441E+21
 0.25901252E+24 0.16539202E+21
 0.25680987E+24 0.16374547E+21
 0.25462498E+24 0.16211461E+21
 0.25245770E+24 0.16049930E+21
 0.25030792E+24 0.15889940E+21
 0.24817549E+24 0.15731476E+21
 0.24606029E+24 0.15574523E+21
 0.24396219E+24 0.15419069E+21
 0.24188107E+24 0.15265099E+21
 0.23981680E+24 0.15112599E+21
 0.23776926E+24 0.14961555E+21
 0.23573831E+24 0.14811955E+21
 0.23372384E+24 0.14663784E+21
 0.23172572E+24 0.14517030E+21
 0.22974383E+24 0.14371678E+21
 0.22777806E+24 0.14227717E+21
 0.22582827E+24 0.14085133E+21
 0.22389435E+24 0.13943913E+21
 0.22197618E+24 0.13804044E+21
 0.22007364E+24 0.13665515E+21
 0.21818661E+24 0.13528312E+21
 0.21631499E+24 0.13392424E+21
 0.21445864E+24 0.13257837E+21
 0.21261746E+24 0.13124541E+21
 0.21079134E+24 0.12992522E+21
 0.20898015E+24 0.12861769E+21
 0.20718378E+24 0.12732270E+21
 0.20540213E+24 0.12604014E+21
 0.20363508E+24 0.12476988E+21
 0.20188252E+24 0.12351182E+21
 0.20014434E+24 0.12226584E+21
 0.19842043E+24 0.12103182E+21
 0.19671069E+24 0.11980966E+21
 0.19501500E+24 0.11859925E+21
 0.19333325E+24 0.11740047E+21
 0.19166535E+24 0.11621321E+21
 0.19001118E+24 0.11503738E+21
 0.18837064E+24 0.11387286E+21
 0.18674363E+24 0.11271955E+21
 0.18513004E+24 0.11157733E+21
 0.18352977E+24 0.11044612E+21
 0.18194271E+24 0.10932580E+21
 0.18036877E+24 0.10821628E+21
 0.17880785E+24 0.10711745E+21
 0.17725984E+24 0.10602921E+21
 0.17572464E+24 0.10495147E+21
 0.17420216E+24 0.10388413E+21
 0.17269230E+24 0.10282708E+21
 0.17119496E+24 0.10178023E+21
 0.16971004E+24 0.10074349E+21
 0.16823745E+24 0.99716769E+20
 0.16677709E+24 0.98699963E+20
 0.16532886E+24 0.97692982E+20
 0.16389268E+24 0.96695736E+20
 0.16246845E+24 0.95708132E+20
 0.16105607E+24 0.94730081E+20
 0.15965546E+24 0.93761493E+20
 0.15826652E+24 0.92802280E+20
 0.15688916E+24 0.91852353E+20
 0.15552329E+24 0.90911627E+20
 0.15416882E+24 0.89980013E+20
 0.15282567E+24 0.89057428E+20
 0.15149374E+24 0.88143787E+20
 0.15017294E+24 0.87239005E+20
 0.14886319E+24 0.86342999E+20
 0.14756440E+24 0.85455688E+20
 0.14627649E+24 0.84576981E+20
 0.14499936E+24 0.83706814E+20
 0.14373295E+24 0.82845099E+20
 0.14247715E+24 0.81991757E+20
 0.14123189E+24 0.81146708E+20
 0.13999708E+24 0.80309876E+20
 0.13877265E+24 0.79481182E+20
 0.13755850E+24 0.78660551E+20
 0.13635457E+24 0.77847907E+20
 0.13516076E+24 0.77043174E+20
 0.13397699E+24 0.76246278E+20
 0.13280320E+24 0.75457146E+20
 0.13163929E+24 0.74675705E+20
 0.13048520E+24 0.73901882E+20
 0.12934083E+24 0.73135606E+20
 0.12820612E+24 0.72376806E+20
 0.12708099E+24 0.71625411E+20
 0.12596536E+24 0.70881352E+20
 0.12485916E+24 0.70144559E+20
 0.12376231E+24 0.69414965E+20
 0.12267473E+24 0.68692501E+20
 0.12159636E+24 0.67977101E+20
 0.12052712E+24 0.67268697E+20
 0.11946693E+24 0.66567225E+20
 0.11841572E+24 0.65872618E+20
 0.11737343E+24 0.65184812E+20
 0.11633997E+24 0.64503742E+20
 0.11531529E+24 0.63829347E+20
 0.11429930E+24 0.63161561E+20
 0.11329194E+24 0.62500324E+20
 0.11229314E+24 0.61845573E+20
 0.11130283E+24 0.61197247E+20
 0.11032094E+24 0.60555286E+20
 0.10934741E+24 0.59919629E+20
 0.10838217E+24 0.59290217E+20
 0.10742514E+24 0.58666990E+20
 0.10647627E+24 0.58049892E+20
 0.10553548E+24 0.57438863E+20
 0.10460272E+24 0.56833846E+20
 0.10367791E+24 0.56234785E+20
 0.10276100E+24 0.55641623E+20
 0.10185192E+24 0.55054305E+20
 0.10095060E+24 0.54472775E+20
 0.10005698E+24 0.53896978E+20
 0.99171009E+23 0.53326860E+20
 0.98292611E+23 0.52762368E+20
 0.97421729E+23 0.52203449E+20
 0.96558303E+23 0.51650049E+20
 0.95702271E+23 0.51102116E+20
 0.94853573E+23 0.50559598E+20
 0.94012149E+23 0.50022445E+20
 0.93178143E+23 0.49490606E+20
 0.92351089E+23 0.48964029E+20
 0.91531132E+23 0.48442666E+20
 0.90718215E+23 0.47926467E+20
 0.89912280E+23 0.47415382E+20
 0.89113270E+23 0.46909364E+20
 0.88321128E+23 0.46408365E+20
 0.87535798E+23 0.45912336E+20
 0.86757224E+23 0.45421230E+20
 0.85985351E+23 0.44935002E+20
 0.85220123E+23 0.44453604E+20
 0.84461487E+23 0.43976991E+20
 0.83709387E+23 0.43505117E+20
 0.82963766E+23 0.43037937E+20
 0.82224579E+23 0.42575407E+20
 0.81491768E+23 0.42117483E+20
 0.80765282E+23 0.41664120E+20
 0.80045068E+23 0.41215276E+20
 0.79331074E+23 0.40770907E+20
 0.78623249E+23 0.40330971E+20
 0.77921542E+23 0.39895426E+20
 0.77225902E+23 0.39464230E+20
 0.76536279E+23 0.39037341E+20
 0.75852624E+23 0.38614719E+20
 0.75174887E+23 0.38196323E+20
 0.74503019E+23 0.37782112E+20
 0.73836971E+23 0.37372047E+20
 0.73176695E+23 0.36966090E+20
 0.72522143E+23 0.36564198E+20
 0.71873266E+23 0.36166336E+20
 0.71230020E+23 0.35772463E+20
 0.70592357E+23 0.35382542E+20
 0.69960229E+23 0.34996536E+20
 0.69333593E+23 0.34614406E+20
 0.68712400E+23 0.34236116E+20
 0.68096606E+23 0.33861630E+20
 0.67486167E+23 0.33490910E+20
 0.66881037E+23 0.33123922E+20
 0.66281171E+23 0.32760629E+20
 0.65686527E+23 0.32400996E+20
 0.65097060E+23 0.32044988E+20
 0.64512728E+23 0.31692571E+20
 0.63933486E+23 0.31343709E+20
 0.63359293E+23 0.30998370E+20
 0.62790107E+23 0.30656519E+20
 0.62225885E+23 0.30318133E+20
 0.61666586E+23 0.29983159E+20
 0.61112168E+23 0.29651575E+20
 0.60562590E+23 0.29323347E+20
 0.60017813E+23 0.28998443E+20
 0.59477795E+23 0.28676832E+20
 0.58942497E+23 0.28358483E+20
 0.58411879E+23 0.28043363E+20
 0.57885901E+23 0.27731443E+20
 0.57364525E+23 0.27422690E+20
 0.56847711E+23 0.27117069E+20
 0.56335422E+23 0.26814563E+20
 0.55827619E+23 0.26515134E+20
 0.55324264E+23 0.26218754E+20
 0.54825320E+23 0.25925393E+20
 0.54330750E+23 0.25635022E+20
 0.53840516E+23 0.25347612E+20
 0.53354582E+23 0.25063136E+20
 0.52872912E+23 0.24781564E+20
 0.52395470E+23 0.24502869E+20
 0.51922219E+23 0.24227023E+20
 0.51453124E+23 0.23954000E+20
 0.50988151E+23 0.23683771E+20
 0.50527264E+23 0.23416309E+20
 0.50070429E+23 0.23151589E+20
 0.49617610E+23 0.22889583E+20
 0.49168775E+23 0.22630266E+20
 0.48723889E+23 0.22373611E+20
 0.48282919E+23 0.22119593E+20
 0.47845831E+23 0.21868187E+20
 0.47412593E+23 0.21619367E+20
 0.46983172E+23 0.21373108E+20
 0.46557535E+23 0.21129386E+20
 0.46135649E+23 0.20888176E+20
 0.45717484E+23 0.20649455E+20
 0.45303008E+23 0.20413197E+20
 0.44892188E+23 0.20179379E+20
 0.44484994E+23 0.19947978E+20
 0.44081395E+23 0.19718970E+20
 0.43681360E+23 0.19492332E+20
 0.43284859E+23 0.19268041E+20
 0.42891862E+23 0.19046074E+20
 0.42502338E+23 0.18826410E+20
 0.42116258E+23 0.18609025E+20
 0.41733592E+23 0.18393897E+20
 0.41354312E+23 0.18181006E+20
 0.40978388E+23 0.17970328E+20
 0.40605791E+23 0.17761842E+20
 0.40236493E+23 0.17555528E+20
 0.39870467E+23 0.17351365E+20
 0.39507682E+23 0.17149330E+20
 0.39148113E+23 0.16949404E+20
 0.38791731E+23 0.16751567E+20
 0.38438509E+23 0.16555797E+20
 0.38088420E+23 0.16362076E+20
 0.37741436E+23 0.16170382E+20
 0.37397532E+23 0.15980695E+20
 0.37056680E+23 0.15792999E+20
 0.36718855E+23 0.15607271E+20
 0.36384030E+23 0.15423494E+20
 0.36052180E+23 0.15241648E+20
 0.35723279E+23 0.15061715E+20
 0.35397301E+23 0.14883675E+20
 0.35074222E+23 0.14707511E+20
 0.34754016E+23 0.14533203E+20
 0.34436658E+23 0.14360735E+20
 0.34122125E+23 0.14190088E+20
 0.33810391E+23 0.14021244E+20
 0.33501432E+23 0.13854186E+20
 0.33195225E+23 0.13688896E+20
 0.32891746E+23 0.13525357E+20
 0.32590971E+23 0.13363552E+20
 0.32292876E+23 0.13203465E+20
 0.31997439E+23 0.13045077E+20
 0.31704636E+23 0.12888372E+20
 0.31414445E+23 0.12733335E+20
 0.31126844E+23 0.12579930E+20
 0.30841809E+23 0.12428178E+20
 0.30559318E+23 0.12278045E+20
 0.30279349E+23 0.12129514E+20
 0.30001882E+23 0.11982571E+20
 0.29726892E+23 0.11837199E+20
 0.29454360E+23 0.11693383E+20
 0.29184264E+23 0.11551107E+20
 0.28916583E+23 0.11410358E+20
 0.28651296E+23 0.11271119E+20
 0.28388381E+23 0.11133376E+20
 0.28127819E+23 0.10997114E+20
 0.27869589E+23 0.10862318E+20
 0.27613670E+23 0.10728973E+20
 0.27360043E+23 0.10597067E+20
 0.27108687E+23 0.10466586E+20
 0.26859583E+23 0.10337514E+20
 0.26612712E+23 0.10209838E+20
 0.26368052E+23 0.10083544E+20
 0.26125587E+23 0.99586189E+19
 0.25885297E+23 0.98350485E+19
 0.25647160E+23 0.97128197E+19
 0.25411160E+23 0.95919192E+19
 0.25177278E+23 0.94723340E+19
 0.24945496E+23 0.93540511E+19
 0.24715794E+23 0.92370576E+19
 0.24488155E+23 0.91213408E+19
 0.24262561E+23 0.90068880E+19
 0.24038993E+23 0.88936867E+19
 0.23817435E+23 0.87817246E+19
 0.23597869E+23 0.86709894E+19
 0.23380276E+23 0.85614690E+19
 0.23164641E+23 0.84531512E+19
 0.22950945E+23 0.83460242E+19
 0.22739172E+23 0.82400762E+19
 0.22529304E+23 0.81352955E+19
 0.22321326E+23 0.80316705E+19
 0.22115221E+23 0.79291897E+19
 0.21910971E+23 0.78278418E+19
 0.21708562E+23 0.77276174E+19
 0.21507976E+23 0.76284996E+19
 0.21309198E+23 0.75304851E+19
 0.21112212E+23 0.74335552E+19
 0.20917002E+23 0.73377048E+19
 0.20723553E+23 0.72429214E+19
 0.20531849E+23 0.71492068E+19
 0.20341874E+23 0.70565252E+19
 0.20153614E+23 0.69648666E+19
 0.19967053E+23 0.68742576E+19
 0.19782176E+23 0.67846509E+19
 0.19598970E+23 0.66960489E+19
 0.19417418E+23 0.66084299E+19
 0.19237506E+23 0.65218186E+19
 0.19059220E+23 0.64361705E+19
 0.18882546E+23 0.63514864E+19
 0.18707469E+23 0.62677586E+19
 0.18533976E+23 0.61849766E+19
 0.18362052E+23 0.61031308E+19
 0.18191683E+23 0.60222119E+19
 0.18022856E+23 0.59422105E+19
 0.17855557E+23 0.58631174E+19
 0.17689773E+23 0.57849236E+19
 0.17525490E+23 0.57076199E+19
 0.17362695E+23 0.56311975E+19
 0.17201375E+23 0.55556474E+19
 0.17041516E+23 0.54809608E+19
 0.16883107E+23 0.54071204E+19
 0.16726133E+23 0.53341444E+19
 0.16570583E+23 0.52619965E+19
 0.16416443E+23 0.51906778E+19
 0.16263702E+23 0.51201789E+19
 0.16112347E+23 0.50504942E+19
 0.15962365E+23 0.49816125E+19
 0.15813745E+23 0.49135281E+19
 0.15666474E+23 0.48462307E+19
 0.15520540E+23 0.47797145E+19
 0.15375932E+23 0.47139693E+19
 0.15232638E+23 0.46489891E+19
 0.15090646E+23 0.45847665E+19
 0.14949945E+23 0.45212917E+19
 0.14810522E+23 0.44585581E+19
 0.14672368E+23 0.43965582E+19
 0.14535470E+23 0.43352846E+19
 0.14399817E+23 0.42747288E+19
 0.14265399E+23 0.42148866E+19
 0.14132204E+23 0.41557475E+19
 0.14000221E+23 0.40973046E+19
 0.13869440E+23 0.40395534E+19
 0.13739851E+23 0.39824842E+19
 0.13611441E+23 0.39260909E+19
 0.13484201E+23 0.38703665E+19
 0.13358121E+23 0.38153034E+19
 0.13233190E+23 0.37608965E+19
 0.13109398E+23 0.37071381E+19
 0.12986735E+23 0.36540217E+19
 0.12865190E+23 0.36015406E+19
 0.12744755E+23 0.35496882E+19
 0.12625418E+23 0.34984582E+19
 0.12507170E+23 0.34478447E+19
 0.12390001E+23 0.33978394E+19
 0.12273903E+23 0.33484387E+19
 0.12158864E+23 0.32996343E+19
 0.12044876E+23 0.32514209E+19
 0.11931930E+23 0.32037922E+19
 0.11820015E+23 0.31567421E+19
 0.11709124E+23 0.31102648E+19
 0.11599246E+23 0.30643540E+19
 0.11490373E+23 0.30190046E+19
 0.11382495E+23 0.29742100E+19
 0.11275605E+23 0.29299651E+19
 0.11169692E+23 0.28862628E+19
 0.11064748E+23 0.28430996E+19
 0.10960765E+23 0.28004682E+19
 0.10857734E+23 0.27583628E+19
 0.10755646E+23 0.27167795E+19
 0.10654494E+23 0.26757120E+19
 0.10554268E+23 0.26351550E+19
 0.10454960E+23 0.25951036E+19
 0.10356562E+23 0.25555515E+19
 0.10259066E+23 0.25164939E+19
 0.10162464E+23 0.24779258E+19
 0.10066748E+23 0.24398420E+19
 0.99719102E+22 0.24022365E+19
 0.98779421E+22 0.23651059E+19
 0.97848362E+22 0.23284454E+19
 0.96925848E+22 0.22922474E+19
 0.96011802E+22 0.22565104E+19
 0.95106148E+22 0.22212270E+19
 0.94208812E+22 0.21863933E+19
 0.93319718E+22 0.21520046E+19
 0.92438792E+22 0.21180560E+19
 0.91565960E+22 0.20845430E+19
 0.90701152E+22 0.20514609E+19
 0.89844293E+22 0.20188045E+19
 0.88995312E+22 0.19865706E+19
 0.88154140E+22 0.19547540E+19
 0.87320705E+22 0.19233503E+19
 0.86494938E+22 0.18923551E+19
 0.85676771E+22 0.18617641E+19
 0.84866133E+22 0.18315732E+19
 0.84062959E+22 0.18017771E+19
 0.83267180E+22 0.17723726E+19
 0.82478731E+22 0.17433553E+19
 0.81697544E+22 0.17147209E+19
 0.80923564E+22 0.16864654E+19
 0.80156708E+22 0.16585846E+19
 0.79396920E+22 0.16310745E+19
 0.78644138E+22 0.16039312E+19
 0.77898297E+22 0.15771506E+19
 0.77159336E+22 0.15507289E+19
 0.76427191E+22 0.15246621E+19
 0.75701802E+22 0.14989464E+19
 0.74983108E+22 0.14735781E+19
 0.74271048E+22 0.14485533E+19
 0.73565562E+22 0.14238682E+19
 0.72866592E+22 0.13995194E+19
 0.72174077E+22 0.13755029E+19
 0.71487961E+22 0.13518151E+19
 0.70808184E+22 0.13284526E+19
 0.70134691E+22 0.13054118E+19
 0.69467423E+22 0.12826890E+19
 0.68806325E+22 0.12602808E+19
 0.68151342E+22 0.12381840E+19
 0.67502416E+22 0.12163947E+19
 0.66859495E+22 0.11949098E+19
 0.66222524E+22 0.11737259E+19
 0.65591448E+22 0.11528398E+19
 0.64966214E+22 0.11322476E+19
 0.64346770E+22 0.11119467E+19
 0.63733063E+22 0.10919337E+19
 0.63125042E+22 0.10722053E+19
 0.62522654E+22 0.10527584E+19
 0.61925848E+22 0.10335899E+19
 0.61334575E+22 0.10146965E+19
 0.60748784E+22 0.99607524E+18
 0.60168425E+22 0.97772307E+18
 0.59593449E+22 0.95963694E+18
 0.59023807E+22 0.94181388E+18
 0.58459440E+22 0.92425090E+18
 0.57900322E+22 0.90694507E+18
 0.57346394E+22 0.88989348E+18
 0.56797609E+22 0.87309324E+18
 0.56253922E+22 0.85654136E+18
 0.55715284E+22 0.84023529E+18
 0.55181651E+22 0.82417207E+18
 0.54652977E+22 0.80834895E+18
 0.54129217E+22 0.79276294E+18
 0.53610326E+22 0.77741200E+18
 0.53096260E+22 0.76229276E+18
 0.52586976E+22 0.74740277E+18
 0.52082429E+22 0.73273939E+18
 0.51582577E+22 0.71829999E+18
 0.51087377E+22 0.70408198E+18
 0.50596787E+22 0.69008279E+18
 0.50110764E+22 0.67629967E+18
 0.49629268E+22 0.66273050E+18
 0.49152256E+22 0.64937258E+18
 0.48679689E+22 0.63622343E+18
 0.48211526E+22 0.62328061E+18
 0.47747727E+22 0.61054168E+18
 0.47288251E+22 0.59800424E+18
 0.46833060E+22 0.58566590E+18
 0.46382115E+22 0.57352431E+18
 0.45935376E+22 0.56157713E+18
 0.45492806E+22 0.54982204E+18
 0.45054366E+22 0.53825678E+18
 0.44620019E+22 0.52687901E+18
 0.44189728E+22 0.51568653E+18
 0.43763455E+22 0.50467708E+18
 0.43341164E+22 0.49384847E+18
 0.42922818E+22 0.48319851E+18
 0.42508382E+22 0.47272503E+18
 0.42097820E+22 0.46242589E+18
 0.41691096E+22 0.45229895E+18
 0.41288176E+22 0.44234211E+18
 0.40889025E+22 0.43255329E+18
 0.40493608E+22 0.42293041E+18
 0.40101891E+22 0.41347143E+18
 0.39713840E+22 0.40417432E+18
 0.39329423E+22 0.39503713E+18
 0.38948605E+22 0.38605774E+18
 0.38571354E+22 0.37723425E+18
 0.38197637E+22 0.36856471E+18
 0.37827422E+22 0.36004717E+18
 0.37460677E+22 0.35167971E+18
 0.37097369E+22 0.34346045E+18
 0.36737469E+22 0.33538749E+18
 0.36380944E+22 0.32745898E+18
 0.36027763E+22 0.31967306E+18
 0.35677897E+22 0.31202790E+18
 0.35331314E+22 0.30452169E+18
 0.34987984E+22 0.29715264E+18
 0.34647879E+22 0.28991897E+18
 0.34310967E+22 0.28281890E+18
 0.33977221E+22 0.27585071E+18
 0.33646610E+22 0.26901265E+18
 0.33319107E+22 0.26230301E+18
 0.32994682E+22 0.25572009E+18
 0.32673307E+22 0.24926221E+18
 0.32354956E+22 0.24292784E+18
 0.32039599E+22 0.23671505E+18
 0.31727209E+22 0.23062234E+18
 0.31417759E+22 0.22464810E+18
 0.31111222E+22 0.21879070E+18
 0.30807572E+22 0.21304857E+18
 0.30506782E+22 0.20742013E+18
 0.30208825E+22 0.20190380E+18
 0.29913676E+22 0.19649805E+18
 0.29621308E+22 0.19120134E+18
 0.29331697E+22 0.18601214E+18
 0.29044821E+22 0.18092896E+18
 0.28760646E+22 0.17595030E+18
 0.28479152E+22 0.17107468E+18
 0.28200315E+22 0.16630062E+18
 0.27924109E+22 0.16162670E+18
 0.27650511E+22 0.15705146E+18
 0.27379497E+22 0.15257349E+18
 0.27111042E+22 0.14819137E+18
 0.26845124E+22 0.14390369E+18
 0.26581719E+22 0.13970906E+18
 0.26320803E+22 0.13560613E+18
 0.26062355E+22 0.13159351E+18
 0.25806350E+22 0.12766988E+18
 0.25552768E+22 0.12383388E+18
 0.25301584E+22 0.12008421E+18
 0.25052779E+22 0.11641953E+18
 0.24806328E+22 0.11283857E+18
 0.24562211E+22 0.10934002E+18
 0.24320406E+22 0.10592261E+18
 0.24080892E+22 0.10258508E+18
 0.23843648E+22 0.99326185E+17
 0.23608652E+22 0.96144672E+17
 0.23375885E+22 0.93039290E+17
 0.23145325E+22 0.90008872E+17
 0.22916952E+22 0.87052130E+17
 0.22690746E+22 0.84167970E+17
 0.22466686E+22 0.81355156E+17
 0.22244754E+22 0.78612513E+17
 0.22024929E+22 0.75938876E+17
 0.21807192E+22 0.73333094E+17
 0.21591524E+22 0.70794024E+17
 0.21377905E+22 0.68320533E+17
 0.21166317E+22 0.65911500E+17
 0.20956741E+22 0.63565815E+17
 0.20749157E+22 0.61282376E+17
 0.20543549E+22 0.59060092E+17
 0.20339897E+22 0.56897881E+17
 0.20138183E+22 0.54794619E+17
 0.19938390E+22 0.52749159E+17
 0.19740500E+22 0.50760440E+17
 0.19544495E+22 0.48827392E+17
 0.19350357E+22 0.46948996E+17
 0.19158070E+22 0.45124248E+17
 0.18967616E+22 0.43352212E+17
 0.18778978E+22 0.41631959E+17
 0.18592140E+22 0.39962518E+17
 0.18407084E+22 0.38342901E+17
 0.18223794E+22 0.36772146E+17
 0.18042255E+22 0.35249289E+17
 0.17862449E+22 0.33773365E+17
 0.17684360E+22 0.32343436E+17
 0.17507973E+22 0.30958566E+17
 0.17333272E+22 0.29617900E+17
 0.17160241E+22 0.28320305E+17
 0.16988864E+22 0.27065089E+17
 0.16819127E+22 0.25851361E+17
 0.16651014E+22 0.24677997E+17
 0.16484510E+22 0.23544350E+17
 0.16319601E+22 0.22449471E+17
 0.16156270E+22 0.21392499E+17
 0.15994504E+22 0.20372579E+17
 0.15834288E+22 0.19388868E+17
 0.15675607E+22 0.18440528E+17
 0.15518448E+22 0.17526733E+17
 0.15362797E+22 0.16646668E+17
 0.15208638E+22 0.15799521E+17
 0.15055959E+22 0.14984495E+17
 0.14904745E+22 0.14200797E+17
 0.14754983E+22 0.13447646E+17
 0.14606659E+22 0.12724270E+17
 0.14459761E+22 0.12029903E+17
 0.14314274E+22 0.11363790E+17
 0.14170186E+22 0.10725185E+17
 0.14027484E+22 0.10113349E+17
 0.13886137E+22 0.95275544E+16
 0.13746167E+22 0.89670812E+16
 0.13607545E+22 0.84312193E+16
 0.13470256E+22 0.79192662E+16
 0.13334291E+22 0.74305286E+16
 0.13199635E+22 0.69643235E+16
 0.13066276E+22 0.65199744E+16
 0.12934204E+22 0.60968157E+16
 0.12803405E+22 0.56941901E+16
 0.12673867E+22 0.53114523E+16
 0.12545579E+22 0.49479536E+16
 0.12418530E+22 0.46030741E+16
 0.12292707E+22 0.42761896E+16
 0.12168100E+22 0.39666912E+16
 0.12044696E+22 0.36739674E+16
 0.11922484E+22 0.33974355E+16
 0.11801453E+22 0.31365070E+16
 0.11681595E+22 0.28906077E+16
 0.11562894E+22 0.26591719E+16
 0.11445344E+22 0.24416440E+16
 0.11328931E+22 0.22374783E+16
 0.11213646E+22 0.20461377E+16
 0.11099476E+22 0.18670950E+16
 0.10986414E+22 0.16998326E+16
 0.10874448E+22 0.15438419E+16
 0.10763565E+22 0.13986261E+16
 0.10653760E+22 0.12636970E+16
 0.10545019E+22 0.11385750E+16
 0.10437335E+22 0.10227932E+16
 0.10330695E+22 0.91589292E+15
 0.10225091E+22 0.81742619E+15
 0.10120515E+22 0.72695449E+15
 0.10016953E+22 0.64405288E+15
 0.99143991E+21 0.56830586E+15
 0.98128422E+21 0.49930560E+15
 0.97122735E+21 0.43665580E+15
 0.96126835E+21 0.37997076E+15
 0.95140632E+21 0.32887826E+15
 0.94164034E+21 0.28300599E+15
 0.93196951E+21 0.24199873E+15
 0.92239294E+21 0.20552382E+15
 0.91290974E+21 0.17324465E+15
 0.90351904E+21 0.14484032E+15
 0.89421988E+21 0.12000090E+15
 0.88501166E+21 0.98428652E+14
 0.87589326E+21 0.79836347E+14
 0.86686393E+21 0.63948838E+14
 0.85792283E+21 0.50502398E+14
 0.84906913E+21 0.39245135E+14
 0.84030200E+21 0.29937072E+14
 0.83162064E+21 0.22350282E+14
 0.82302524E+21 0.16269148E+14
 0.81451298E+21 0.11490280E+14
 0.80608408E+21 0.78229280E+13
 0.79773776E+21 0.50893787E+13
 0.78947323E+21 0.31248945E+13
 0.78128974E+21 0.17779036E+13
 0.77318652E+21 0.91068155E+12
 0.76516281E+21 0.39990204E+12
 0.75721785E+21 0.13706974E+12
 0.74935091E+21 0.29410419E+11
 0.74156126E+21 0.18325279E+10
 0.73384815E+21 0.00000000E+00
 0.72621088E+21 0.00000000E+00
 0.71864872E+21 0.00000000E+00
 0.71116096E+21 0.00000000E+00
 0.70374691E+21 0.00000000E+00
 0.69640587E+21 0.00000000E+00
 0.68913714E+21 0.00000000E+00
 0.68194004E+21 0.00000000E+00
 0.67481391E+21 0.00000000E+00
 0.66775800E+21 0.00000000E+00
 0.66077177E+21 0.00000000E+00
 0.65385451E+21 0.00000000E+00
 0.64700786E+21 0.00000000E+00
 0.64022654E+21 0.00000000E+00
 0.63351225E+21 0.00000000E+00
 0.62686435E+21 0.00000000E+00
 0.62028222E+21 0.00000000E+00
 0.61376522E+21 0.00000000E+00
 0.60731274E+21 0.00000000E+00
 0.60092417E+21 0.00000000E+00
 0.59459890E+21 0.00000000E+00
 0.58833635E+21 0.00000000E+00
 0.58213589E+21 0.00000000E+00
 0.57599697E+21 0.00000000E+00
 0.56991897E+21 0.00000000E+00
 0.56390134E+21 0.00000000E+00
 0.55794349E+21 0.00000000E+00
 0.55204480E+21 0.00000000E+00
 0.54620482E+21 0.00000000E+00
 0.54042295E+21 0.00000000E+00
 0.53469862E+21 0.00000000E+00
 0.52903129E+21 0.00000000E+00
 0.52342042E+21 0.00000000E+00
 0.51786547E+21 0.00000000E+00
 0.51236591E+21 0.00000000E+00
 0.50692122E+21 0.00000000E+00
 0.50153086E+21 0.00000000E+00
 0.49619432E+21 0.00000000E+00
 0.49091109E+21 0.00000000E+00
 0.48568067E+21 0.00000000E+00
 0.48050259E+21 0.00000000E+00
 0.47537626E+21 0.00000000E+00
 0.47030125E+21 0.00000000E+00
 0.46527705E+21 0.00000000E+00
 0.46030319E+21 0.00000000E+00
 0.45537917E+21 0.00000000E+00
 0.45050454E+21 0.00000000E+00
 0.44567881E+21 0.00000000E+00
 0.44090152E+21 0.00000000E+00
 0.43617221E+21 0.00000000E+00
 0.43149042E+21 0.00000000E+00
 0.42685569E+21 0.00000000E+00
 0.42226758E+21 0.00000000E+00
 0.41772563E+21 0.00000000E+00
 0.41322941E+21 0.00000000E+00
 0.40877848E+21 0.00000000E+00
 0.40437241E+21 0.00000000E+00
 0.40001076E+21 0.00000000E+00
 0.39569312E+21 0.00000000E+00
 0.39141906E+21 0.00000000E+00
 0.38718815E+21 0.00000000E+00
 0.38300000E+21 0.00000000E+00
 0.37885339E+21 0.00000000E+00
 0.37474964E+21 0.00000000E+00
 0.37068729E+21 0.00000000E+00
 0.36666608E+21 0.00000000E+00
 0.36268560E+21 0.00000000E+00
 0.35874547E+21 0.00000000E+00
 0.35484530E+21 0.00000000E+00
 0.35098471E+21 0.00000000E+00
 0.34716331E+21 0.00000000E+00
 0.34338072E+21 0.00000000E+00
 0.33963659E+21 0.00000000E+00
 0.33593052E+21 0.00000000E+00
 0.33226217E+21 0.00000000E+00
 0.32863116E+21 0.00000000E+00
 0.32503712E+21 0.00000000E+00
 0.32147972E+21 0.00000000E+00
 0.31795861E+21 0.00000000E+00
 0.31447343E+21 0.00000000E+00
 0.31102382E+21 0.00000000E+00
 0.30760944E+21 0.00000000E+00
 0.30422997E+21 0.00000000E+00
 0.30088508E+21 0.00000000E+00
 0.29757440E+21 0.00000000E+00
 0.29429761E+21 0.00000000E+00
 0.29105441E+21 0.00000000E+00
 0.28784443E+21 0.00000000E+00
 0.28466737E+21 0.00000000E+00
 0.28152288E+21 0.00000000E+00
 0.27841072E+21 0.00000000E+00
 0.27533053E+21 0.00000000E+00
 0.27228201E+21 0.00000000E+00
 0.26926485E+21 0.00000000E+00
 0.26627875E+21 0.00000000E+00
 0.26332340E+21 0.00000000E+00
 0.26039851E+21 0.00000000E+00
 0.25750357E+21 0.00000000E+00
 0.25463871E+21 0.00000000E+00
 0.25180344E+21 0.00000000E+00
 0.24899745E+21 0.00000000E+00
 0.24622047E+21 0.00000000E+00
 0.24347222E+21 0.00000000E+00
 0.24075256E+21 0.00000000E+00
 0.23806093E+21 0.00000000E+00
 0.23539718E+21 0.00000000E+00
 0.23276106E+21 0.00000000E+00
 0.23015230E+21 0.00000000E+00
 0.22757062E+21 0.00000000E+00
 0.22501577E+21 0.00000000E+00
 0.22248749E+21 0.00000000E+00
 0.21998549E+21 0.00000000E+00
 0.21750956E+21 0.00000000E+00
 0.21505941E+21 0.00000000E+00
 0.21263481E+21 0.00000000E+00
 0.21023550E+21 0.00000000E+00
 0.20786123E+21 0.00000000E+00
 0.20551177E+21 0.00000000E+00
 0.20318686E+21 0.00000000E+00
 0.20088627E+21 0.00000000E+00
 0.19860977E+21 0.00000000E+00
 0.19635710E+21 0.00000000E+00
 0.19412804E+21 0.00000000E+00
 0.19192237E+21 0.00000000E+00
 0.18973984E+21 0.00000000E+00
 0.18758023E+21 0.00000000E+00
 0.18544332E+21 0.00000000E+00
 0.18332888E+21 0.00000000E+00
 0.18123670E+21 0.00000000E+00
 0.17916642E+21 0.00000000E+00
 0.17711810E+21 0.00000000E+00
 0.17509137E+21 0.00000000E+00
 0.17308603E+21 0.00000000E+00
 0.17110188E+21 0.00000000E+00
 0.16913898E+21 0.00000000E+00
 0.16719656E+21 0.00000000E+00
 0.16527470E+21 0.00000000E+00
 0.16337319E+21 0.00000000E+00
 0.16149184E+21 0.00000000E+00
 0.15963045E+21 0.00000000E+00
 0.15778882E+21 0.00000000E+00
 0.15596675E+21 0.00000000E+00
 0.15416405E+21 0.00000000E+00
 0.15238054E+21 0.00000000E+00
 0.15061601E+21 0.00000000E+00
 0.14887028E+21 0.00000000E+00
 0.14714317E+21 0.00000000E+00
 0.14543449E+21 0.00000000E+00
 0.14374406E+21 0.00000000E+00
 0.14207169E+21 0.00000000E+00
 0.14041721E+21 0.00000000E+00
 0.13878044E+21 0.00000000E+00
 0.13716120E+21 0.00000000E+00
 0.13555932E+21 0.00000000E+00
 0.13397464E+21 0.00000000E+00
 0.13240696E+21 0.00000000E+00
 0.13085613E+21 0.00000000E+00
 0.12932197E+21 0.00000000E+00
 0.12780384E+21 0.00000000E+00
 0.12630254E+21 0.00000000E+00
 0.12481737E+21 0.00000000E+00
 0.12334829E+21 0.00000000E+00
 0.12189507E+21 0.00000000E+00
 0.12045755E+21 0.00000000E+00
 0.11903556E+21 0.00000000E+00
 0.11762897E+21 0.00000000E+00
 0.11623762E+21 0.00000000E+00
 0.11486134E+21 0.00000000E+00
 0.11350010E+21 0.00000000E+00
 0.11215354E+21 0.00000000E+00
 0.11082161E+21 0.00000000E+00
 0.10950417E+21 0.00000000E+00
 0.10820106E+21 0.00000000E+00
 0.10691216E+21 0.00000000E+00
 0.10563730E+21 0.00000000E+00
 0.10437636E+21 0.00000000E+00
 0.10312919E+21 0.00000000E+00
 0.10189565E+21 0.00000000E+00
 0.10067560E+21 0.00000000E+00
 0.99468912E+20 0.00000000E+00
 0.98275446E+20 0.00000000E+00
 0.97095068E+20 0.00000000E+00
 0.95927647E+20 0.00000000E+00
 0.94773051E+20 0.00000000E+00
 0.93631147E+20 0.00000000E+00
 0.92501812E+20 0.00000000E+00
 0.91384916E+20 0.00000000E+00
 0.90280339E+20 0.00000000E+00
 0.89187942E+20 0.00000000E+00
 0.88107610E+20 0.00000000E+00
 0.87039216E+20 0.00000000E+00
 0.85982640E+20 0.00000000E+00
 0.84937757E+20 0.00000000E+00
 0.83904458E+20 0.00000000E+00
 0.82882614E+20 0.00000000E+00
 0.81872109E+20 0.00000000E+00
 0.80872840E+20 0.00000000E+00
 0.79884684E+20 0.00000000E+00
 0.78907526E+20 0.00000000E+00
 0.77941254E+20 0.00000000E+00
 0.76985756E+20 0.00000000E+00
 0.76040921E+20 0.00000000E+00
 0.75106640E+20 0.00000000E+00
 0.74182803E+20 0.00000000E+00
 0.73269304E+20 0.00000000E+00
 0.72366034E+20 0.00000000E+00
 0.71472885E+20 0.00000000E+00
 0.70589760E+20 0.00000000E+00
 0.69716553E+20 0.00000000E+00
 0.68853202E+20 0.00000000E+00
 0.67999513E+20 0.00000000E+00
 0.67155457E+20 0.00000000E+00
 0.66320906E+20 0.00000000E+00
 0.65495725E+20 0.00000000E+00
 0.64679910E+20 0.00000000E+00
 0.63873311E+20 0.00000000E+00
 0.63075888E+20 0.00000000E+00
 0.62287443E+20 0.00000000E+00
 0.61507934E+20 0.00000000E+00
 0.60737267E+20 0.00000000E+00
 0.59975350E+20 0.00000000E+00
 0.59222104E+20 0.00000000E+00
 0.58477400E+20 0.00000000E+00
 0.57741186E+20 0.00000000E+00
 0.57013365E+20 0.00000000E+00
 0.56293845E+20 0.00000000E+00
 0.55582540E+20 0.00000000E+00
 0.54879571E+20 0.00000000E+00
 0.54184410E+20 0.00000000E+00
 0.53497247E+20 0.00000000E+00
 0.52817959E+20 0.00000000E+00
 0.52146465E+20 0.00000000E+00
 0.51482676E+20 0.00000000E+00
 0.50826525E+20 0.00000000E+00
 0.50177476E+20 0.00000000E+00
 0.49536312E+20 0.00000000E+00
 0.48902542E+20 0.00000000E+00
 0.48276081E+20 0.00000000E+00
 0.47656858E+20 0.00000000E+00
 0.47044778E+20 0.00000000E+00
 0.46439783E+20 0.00000000E+00
 0.45841796E+20 0.00000000E+00
 0.45250732E+20 0.00000000E+00
 0.44666522E+20 0.00000000E+00
 0.44089094E+20 0.00000000E+00
 0.43518375E+20 0.00000000E+00
 0.42954292E+20 0.00000000E+00
 0.42396774E+20 0.00000000E+00
 0.41845752E+20 0.00000000E+00
 0.41301167E+20 0.00000000E+00
 0.40762926E+20 0.00000000E+00
 0.40230880E+20 0.00000000E+00
 0.39705146E+20 0.00000000E+00
 0.39185565E+20 0.00000000E+00
 0.38672070E+20 0.00000000E+00
 0.38164594E+20 0.00000000E+00
 0.37663136E+20 0.00000000E+00
 0.37167437E+20 0.00000000E+00
 0.36677699E+20 0.00000000E+00
 0.36193651E+20 0.00000000E+00
 0.35715307E+20 0.00000000E+00
 0.35242608E+20 0.00000000E+00
 0.34775477E+20 0.00000000E+00
 0.34313855E+20 0.00000000E+00
 0.33857690E+20 0.00000000E+00
 0.33407078E+20 0.00000000E+00
 0.32961653E+20 0.00000000E+00
 0.32521490E+20 0.00000000E+00
 0.32086557E+20 0.00000000E+00
 0.31656779E+20 0.00000000E+00
 0.31232097E+20 0.00000000E+00
 0.30812477E+20 0.00000000E+00
 0.30397841E+20 0.00000000E+00
 0.29988140E+20 0.00000000E+00
 0.29583322E+20 0.00000000E+00
 0.29183329E+20 0.00000000E+00
 0.28788110E+20 0.00000000E+00
 0.28397610E+20 0.00000000E+00
 0.28011769E+20 0.00000000E+00
 0.27630554E+20 0.00000000E+00
 0.27253850E+20 0.00000000E+00
 0.26881707E+20 0.00000000E+00
 0.26514032E+20 0.00000000E+00
 0.26150753E+20 0.00000000E+00
 0.25791842E+20 0.00000000E+00
 0.25437245E+20 0.00000000E+00
 0.25086910E+20 0.00000000E+00
 0.24740789E+20 0.00000000E+00
 0.24398838E+20 0.00000000E+00
 0.24061005E+20 0.00000000E+00
 0.23727245E+20 0.00000000E+00
 0.23397513E+20 0.00000000E+00
 0.23071762E+20 0.00000000E+00
 0.22749948E+20 0.00000000E+00
 0.22432026E+20 0.00000000E+00
 0.22117952E+20 0.00000000E+00
 0.21807682E+20 0.00000000E+00
 0.21501174E+20 0.00000000E+00
 0.21198385E+20 0.00000000E+00
 0.20899274E+20 0.00000000E+00
 0.20603848E+20 0.00000000E+00
 0.20311970E+20 0.00000000E+00
 0.20023649E+20 0.00000000E+00
 0.19738847E+20 0.00000000E+00
 0.19457528E+20 0.00000000E+00
 0.19179654E+20 0.00000000E+00
 0.18905187E+20 0.00000000E+00
 0.18634092E+20 0.00000000E+00
 0.18366335E+20 0.00000000E+00
 0.18101876E+20 0.00000000E+00
 0.17840592E+20 0.00000000E+00
 0.17582629E+20 0.00000000E+00
 0.17327856E+20 0.00000000E+00
 0.17076247E+20 0.00000000E+00
 0.16827848E+20 0.00000000E+00
 0.16582456E+20 0.00000000E+00
 0.16340121E+20 0.00000000E+00
 0.16100816E+20 0.00000000E+00
 0.15864504E+20 0.00000000E+00
 0.15631153E+20 0.00000000E+00
 0.15400731E+20 0.00000000E+00
 0.15173206E+20 0.00000000E+00
 0.14948547E+20 0.00000000E+00
 0.14726723E+20 0.00000000E+00
 0.14507703E+20 0.00000000E+00
 0.14291456E+20 0.00000000E+00
 0.14077954E+20 0.00000000E+00
 0.13867090E+20 0.00000000E+00
 0.13659053E+20 0.00000000E+00
 0.13453600E+20 0.00000000E+00
 0.13250773E+20 0.00000000E+00
 0.13050542E+20 0.00000000E+00
 0.12852879E+20 0.00000000E+00
 0.12657757E+20 0.00000000E+00
 0.12465146E+20 0.00000000E+00
 0.12275019E+20 0.00000000E+00
 0.12087349E+20 0.00000000E+00
 0.11902109E+20 0.00000000E+00
 0.11719212E+20 0.00000000E+00
