# su numc         je-cap (rev 296)                                            
 0.80284581E+26 0.10594872E+26
 0.80180347E+26 0.10546087E+26
 0.80076567E+26 0.10497499E+26
 0.79973295E+26 0.10449131E+26
 0.79870503E+26 0.10400975E+26
 0.79768240E+26 0.10353034E+26
 0.79666510E+26 0.10305305E+26
 0.79565249E+26 0.10257789E+26
 0.79464474E+26 0.10210476E+26
 0.79364186E+26 0.10163377E+26
 0.79264427E+26 0.10116488E+26
 0.79165138E+26 0.10069807E+26
 0.79066328E+26 0.10023318E+26
 0.78968013E+26 0.99770635E+25
 0.78870185E+26 0.99309806E+25
 0.78772862E+26 0.98851426E+25
 0.78675997E+26 0.98394880E+25
 0.78579622E+26 0.97940356E+25
 0.78483693E+26 0.97487797E+25
 0.78388287E+26 0.97037366E+25
 0.78293330E+26 0.96588851E+25
 0.78198848E+26 0.96142373E+25
 0.78104829E+26 0.95697833E+25
 0.78011277E+26 0.95255231E+25
 0.77918205E+26 0.94814779E+25
 0.77825589E+26 0.94376168E+25
 0.77733397E+26 0.93939534E+25
 0.77641741E+26 0.93504800E+25
 0.77550501E+26 0.93072007E+25
 0.77459720E+26 0.92641159E+25
 0.77369385E+26 0.92212162E+25
 0.77279514E+26 0.91785180E+25
 0.77190094E+26 0.91360035E+25
 0.77101115E+26 0.90936785E+25
 0.77012551E+26 0.90515428E+25
 0.76924489E+26 0.90095922E+25
 0.76836812E+26 0.89678339E+25
 0.76749659E+26 0.89262597E+25
 0.76662891E+26 0.88848689E+25
 0.76576567E+26 0.88436617E+25
 0.76490667E+26 0.88026302E+25
 0.76405130E+26 0.87618003E+25
 0.76320193E+26 0.87211466E+25
 0.76235560E+26 0.86806706E+25
 0.76151425E+26 0.86403769E+25
 0.76067661E+26 0.86002572E+25
 0.75984335E+26 0.85603231E+25
 0.75901444E+26 0.85205471E+25
 0.75818966E+26 0.84809806E+25
 0.75736920E+26 0.84415770E+25
 0.75655254E+26 0.84023478E+25
 0.75574025E+26 0.83632939E+25
 0.75493225E+26 0.83244184E+25
 0.75412819E+26 0.82857102E+25
 0.75332824E+26 0.82471802E+25
 0.75253226E+26 0.82087990E+25
 0.75174041E+26 0.81706315E+25
 0.75095246E+26 0.81326129E+25
 0.75016877E+26 0.80947660E+25
 0.74938841E+26 0.80570863E+25
 0.74861302E+26 0.80195743E+25
 0.74784113E+26 0.79822333E+25
 0.74707317E+26 0.79450568E+25
 0.74630911E+26 0.79080469E+25
 0.74554901E+26 0.78711976E+25
 0.74479265E+26 0.78345199E+25
 0.74403989E+26 0.77980038E+25
 0.74329160E+26 0.77616488E+25
 0.74254692E+26 0.77254604E+25
 0.74180574E+26 0.76894314E+25
 0.74106881E+26 0.76535664E+25
 0.74033544E+26 0.76178603E+25
 0.73960569E+26 0.75823148E+25
 0.73887990E+26 0.75469259E+25
 0.73815773E+26 0.75116944E+25
 0.73743918E+26 0.74766229E+25
 0.73672521E+26 0.74417117E+25
 0.73601384E+26 0.74069538E+25
 0.73530648E+26 0.73723515E+25
 0.73460241E+26 0.73379006E+25
 0.73390238E+26 0.73036096E+25
 0.73320568E+26 0.72694711E+25
 0.73251265E+26 0.72354842E+25
 0.73182294E+26 0.72016513E+25
 0.73113624E+26 0.71679683E+25
 0.73045356E+26 0.71344368E+25
 0.72977513E+26 0.71010550E+25
 0.72909881E+26 0.70678240E+25
 0.72842689E+26 0.70347431E+25
 0.72775840E+26 0.70018087E+25
 0.72709316E+26 0.69690206E+25
 0.72643122E+26 0.69363690E+25
 0.72577294E+26 0.69038874E+25
 0.72511790E+26 0.68715437E+25
 0.72446614E+26 0.68393405E+25
 0.72381794E+26 0.68072877E+25
 0.72317275E+26 0.67753725E+25
 0.72253112E+26 0.67436019E+25
 0.72189245E+26 0.67119743E+25
 0.72125697E+26 0.66804895E+25
 0.72062523E+26 0.66491452E+25
 0.71999639E+26 0.66179413E+25
 0.71937066E+26 0.65868655E+25
 0.71874876E+26 0.65559564E+25
 0.71812956E+26 0.65251711E+25
 0.71751330E+26 0.64945239E+25
 0.71690065E+26 0.64640155E+25
 0.71629090E+26 0.64336439E+25
 0.71568478E+26 0.64034086E+25
 0.71508072E+26 0.63733058E+25
 0.71448088E+26 0.63433410E+25
 0.71388274E+26 0.63135160E+25
 0.71328900E+26 0.62838184E+25
 0.71269688E+26 0.62542576E+25
 0.71210933E+26 0.62248289E+25
 0.71152357E+26 0.61955341E+25
 0.71094059E+26 0.61663690E+25
 0.71036111E+26 0.61373397E+25
 0.70978518E+26 0.61084342E+25
 0.70921060E+26 0.60796501E+25
 0.70864074E+26 0.60510195E+25
 0.70807212E+26 0.60225051E+25
 0.70750748E+26 0.59941082E+25
 0.70694563E+26 0.59658619E+25
 0.70638614E+26 0.59377299E+25
 0.70582936E+26 0.59097281E+25
 0.70527564E+26 0.58818491E+25
 0.70472397E+26 0.58540990E+25
 0.70417546E+26 0.58264714E+25
 0.70362977E+26 0.57989616E+25
 0.70308768E+26 0.57715864E+25
 0.70254702E+26 0.57443322E+25
 0.70200954E+26 0.57171997E+25
 0.70147554E+26 0.56901893E+25
 0.70094254E+26 0.56633004E+25
 0.70041366E+26 0.56365323E+25
 0.69988672E+26 0.56098854E+25
 0.69936166E+26 0.55833577E+25
 0.69884009E+26 0.55569518E+25
 0.69832164E+26 0.55306623E+25
 0.69780515E+26 0.55044921E+25
 0.69729013E+26 0.54784399E+25
 0.69677855E+26 0.54525061E+25
 0.69627014E+26 0.54266880E+25
 0.69576279E+26 0.54009873E+25
 0.69525867E+26 0.53754018E+25
 0.69475771E+26 0.53499304E+25
 0.69425847E+26 0.53245754E+25
 0.69376078E+26 0.52993359E+25
 0.69326717E+26 0.52742102E+25
 0.69277409E+26 0.52491968E+25
 0.69228436E+26 0.52242946E+25
 0.69179692E+26 0.51995081E+25
 0.69131191E+26 0.51748322E+25
 0.69082897E+26 0.51502676E+25
 0.69034826E+26 0.51258134E+25
 0.68987079E+26 0.51014701E+25
 0.68939474E+26 0.50772322E+25
 0.68891965E+26 0.50531123E+25
 0.68844881E+26 0.50290971E+25
 0.68798068E+26 0.50051896E+25
 0.68751345E+26 0.49813909E+25
 0.68704834E+26 0.49576993E+25
 0.68658550E+26 0.49341165E+25
 0.68612486E+26 0.49106380E+25
 0.68566543E+26 0.48872659E+25
 0.68520980E+26 0.48640007E+25
 0.68475529E+26 0.48408380E+25
 0.68430251E+26 0.48177834E+25
 0.68385293E+26 0.47948300E+25
 0.68340464E+26 0.47719827E+25
 0.68295837E+26 0.47492281E+25
 0.68251360E+26 0.47265953E+25
 0.68207249E+26 0.47040560E+25
 0.68163112E+26 0.46816175E+25
 0.68119306E+26 0.46592815E+25
 0.68075785E+26 0.46370454E+25
 0.68032303E+26 0.46149101E+25
 0.67989058E+26 0.45928749E+25
 0.67946028E+26 0.45709383E+25
 0.67903162E+26 0.45491046E+25
 0.67860372E+26 0.45273671E+25
 0.67817896E+26 0.45057279E+25
 0.67775645E+26 0.44841861E+25
 0.67733509E+26 0.44627430E+25
 0.67691550E+26 0.44413962E+25
 0.67649762E+26 0.44201466E+25
 0.67608108E+26 0.43989932E+25
 0.67566731E+26 0.43779352E+25
 0.67525512E+26 0.43569720E+25
 0.67484387E+26 0.43361046E+25
 0.67443473E+26 0.43153312E+25
 0.67402658E+26 0.42946458E+25
 0.67362059E+26 0.42740662E+25
 0.67321670E+26 0.42535739E+25
 0.67281425E+26 0.42331739E+25
 0.67241339E+26 0.42128666E+25
 0.67201398E+26 0.41926507E+25
 0.67161711E+26 0.41725273E+25
 0.67122092E+26 0.41524948E+25
 0.67082561E+26 0.41325526E+25
 0.67043338E+26 0.41126977E+25
 0.67004091E+26 0.40929395E+25
 0.66965082E+26 0.40732678E+25
 0.66926298E+26 0.40536839E+25
 0.66887567E+26 0.40341898E+25
 0.66849047E+26 0.40147844E+25
 0.66810632E+26 0.39954659E+25
 0.66772323E+26 0.39762357E+25
 0.66734231E+26 0.39570924E+25
 0.66696248E+26 0.39380365E+25
 0.66658372E+26 0.39190655E+25
 0.66620644E+26 0.39001802E+25
 0.66583021E+26 0.38813749E+25
 0.66545558E+26 0.38626615E+25
 0.66508080E+26 0.38440408E+25
 0.66471020E+26 0.38254973E+25
 0.66433990E+26 0.38070374E+25
 0.66397121E+26 0.37886607E+25
 0.66360303E+26 0.37703670E+25
 0.66323603E+26 0.37521583E+25
 0.66286939E+26 0.37340305E+25
 0.66250535E+26 0.37159844E+25
 0.66214258E+26 0.36980133E+25
 0.66126180E+26 0.36801387E+25
 0.66090138E+26 0.36623372E+25
 0.66054855E+26 0.36446196E+25
 0.66070075E+26 0.36269803E+25
 0.66034353E+26 0.36094194E+25
 0.65998754E+26 0.35919411E+25
 0.65963262E+26 0.35745407E+25
 0.65927757E+26 0.35572190E+25
 0.65892497E+26 0.35399763E+25
 0.65857304E+26 0.35228117E+25
 0.65822159E+26 0.35057250E+25
 0.65787188E+26 0.34887115E+25
 0.65752296E+26 0.34717836E+25
 0.65717489E+26 0.34549286E+25
 0.65682788E+26 0.34381501E+25
 0.65648164E+26 0.34214481E+25
 0.65613639E+26 0.34048210E+25
 0.65579262E+26 0.33882710E+25
 0.65544844E+26 0.33717934E+25
 0.65510519E+26 0.33553937E+25
 0.65476432E+26 0.33390670E+25
 0.65442367E+26 0.33228146E+25
 0.65408409E+26 0.33066363E+25
 0.65374503E+26 0.32905307E+25
 0.65340681E+26 0.32744991E+25
 0.65306909E+26 0.32585401E+25
 0.65273274E+26 0.32426524E+25
 0.65239666E+26 0.32268385E+25
 0.65206169E+26 0.32110971E+25
 0.65172747E+26 0.31954256E+25
 0.65139288E+26 0.31798260E+25
 0.65106078E+26 0.31642969E+25
 0.65072835E+26 0.31488377E+25
 0.65039663E+26 0.31334506E+25
 0.65006630E+26 0.31181327E+25
 0.64973582E+26 0.31028841E+25
 0.64940661E+26 0.30877060E+25
 0.64907663E+26 0.30725947E+25
 0.64874941E+26 0.30575532E+25
 0.64842165E+26 0.30425798E+25
 0.64809465E+26 0.30276751E+25
 0.64776826E+26 0.30128369E+25
 0.64744213E+26 0.29980680E+25
 0.64711693E+26 0.29833656E+25
 0.64679174E+26 0.29687291E+25
 0.64646711E+26 0.29541597E+25
 0.64614346E+26 0.29396567E+25
 0.64582011E+26 0.29252196E+25
 0.64549737E+26 0.29108491E+25
 0.64517509E+26 0.28965432E+25
 0.64485320E+26 0.28823025E+25
 0.64453163E+26 0.28681238E+25
 0.64421042E+26 0.28540146E+25
 0.64388977E+26 0.28399668E+25
 0.64356946E+26 0.28259831E+25
 0.64324855E+26 0.28120635E+25
 0.64292958E+26 0.27982069E+25
 0.64261042E+26 0.27844136E+25
 0.64229149E+26 0.27706828E+25
 0.64197236E+26 0.27570146E+25
 0.64165465E+26 0.27434050E+25
 0.64133666E+26 0.27298644E+25
 0.36750743E+26 0.27163819E+25
 0.29093356E+26 0.27029601E+25
 0.29126403E+26 0.26896003E+25
 0.55678981E+26 0.26763010E+25
 0.63974950E+26 0.26630623E+25
 0.63943366E+26 0.26498838E+25
 0.63911692E+26 0.26367653E+25
 0.63880069E+26 0.26237065E+25
 0.63848505E+26 0.26107072E+25
 0.63816848E+26 0.25977672E+25
 0.63785366E+26 0.25848857E+25
 0.63753786E+26 0.25720633E+25
 0.63722109E+26 0.25592990E+25
 0.63690596E+26 0.25465929E+25
 0.63659046E+26 0.25339447E+25
 0.63627501E+26 0.25213540E+25
 0.63596008E+26 0.25088209E+25
 0.63564495E+26 0.24963447E+25
 0.63532920E+26 0.24839253E+25
 0.63501506E+26 0.24715625E+25
 0.63470010E+26 0.24592559E+25
 0.63438462E+26 0.24470054E+25
 0.63406848E+26 0.24348108E+25
 0.63375346E+26 0.24226716E+25
 0.63343813E+26 0.24105878E+25
 0.63312224E+26 0.23985589E+25
 0.63280769E+26 0.23865849E+25
 0.63249172E+26 0.23746660E+25
 0.63217666E+26 0.23628006E+25
 0.63186019E+26 0.23509895E+25
 0.63154469E+26 0.23392318E+25
 0.63122790E+26 0.23275284E+25
 0.63091211E+26 0.23158782E+25
 0.63059514E+26 0.23042810E+25
 0.63027823E+26 0.22927333E+25
 0.62996163E+26 0.22812450E+25
 0.62964320E+26 0.22698054E+25
 0.62932708E+26 0.22584183E+25
 0.62900769E+26 0.22470829E+25
 0.62869066E+26 0.22357993E+25
 0.62837200E+26 0.22245669E+25
 0.62805384E+26 0.22133817E+25
 0.62773536E+26 0.22022559E+25
 0.62741453E+26 0.21911766E+25
 0.62709582E+26 0.21801479E+25
 0.62677505E+26 0.21691693E+25
 0.62645571E+26 0.21582408E+25
 0.62613447E+26 0.21473622E+25
 0.62581289E+26 0.21365331E+25
 0.62549135E+26 0.21257535E+25
 0.62516966E+26 0.21150232E+25
 0.62484720E+26 0.21043413E+25
 0.62452488E+26 0.20937085E+25
 0.62420155E+26 0.20831244E+25
 0.62387649E+26 0.20725880E+25
 0.62355220E+26 0.20621000E+25
 0.62322728E+26 0.20516596E+25
 0.62290282E+26 0.20412673E+25
 0.62257652E+26 0.20309223E+25
 0.62225009E+26 0.20206238E+25
 0.62192179E+26 0.20103728E+25
 0.62159471E+26 0.20001686E+25
 0.62126648E+26 0.19900107E+25
 0.62093690E+26 0.19798994E+25
 0.62060721E+26 0.19698340E+25
 0.62027643E+26 0.19598149E+25
 0.61994555E+26 0.19498413E+25
 0.61961434E+26 0.19399132E+25
 0.61928049E+26 0.19300303E+25
 0.61894899E+26 0.19201927E+25
 0.61861342E+26 0.19104000E+25
 0.61827789E+26 0.19006519E+25
 0.61794306E+26 0.18909482E+25
 0.61760922E+26 0.18812885E+25
 0.61727166E+26 0.18716731E+25
 0.61693065E+26 0.18621022E+25
 0.61659549E+26 0.18525744E+25
 0.61625643E+26 0.18430905E+25
 0.61591680E+26 0.18336495E+25
 0.61557479E+26 0.18242511E+25
 0.61523344E+26 0.18148937E+25
 0.61489010E+26 0.18055846E+25
 0.61454608E+26 0.17963146E+25
 0.61420154E+26 0.17870874E+25
 0.61385587E+26 0.17779021E+25
 0.61350803E+26 0.17687587E+25
 0.61316234E+26 0.17596572E+25
 0.61281307E+26 0.17505967E+25
 0.61246387E+26 0.17415760E+25
 0.61211281E+26 0.17326010E+25
 0.61176113E+26 0.17236649E+25
 0.61140843E+26 0.17147642E+25
 0.61105413E+26 0.17059140E+25
 0.61070026E+26 0.16970986E+25
 0.61034337E+26 0.16883251E+25
 0.60998635E+26 0.16795879E+25
 0.60962838E+26 0.16708964E+25
 0.60926862E+26 0.16622416E+25
 0.60890788E+26 0.16536268E+25
 0.60854618E+26 0.16450510E+25
 0.60818387E+26 0.16365144E+25
 0.60781890E+26 0.16280168E+25
 0.60745396E+26 0.16195581E+25
 0.60708752E+26 0.16111383E+25
 0.60671963E+26 0.16027564E+25
 0.60635074E+26 0.15944132E+25
 0.60597922E+26 0.15861080E+25
 0.60560668E+26 0.15778406E+25
 0.60523506E+26 0.15696114E+25
 0.60486096E+26 0.15614190E+25
 0.60448470E+26 0.15532647E+25
 0.60410804E+26 0.15451482E+25
 0.60372915E+26 0.15370680E+25
 0.60334863E+26 0.15290251E+25
 0.60296813E+26 0.15210191E+25
 0.60258465E+26 0.15130457E+25
 0.60220132E+26 0.15051161E+25
 0.60181543E+26 0.14972193E+25
 0.60142811E+26 0.14893552E+25
 0.60103902E+26 0.14815334E+25
 0.60064847E+26 0.14737444E+25
 0.60025752E+26 0.14659908E+25
 0.59986348E+26 0.14582714E+25
 0.59946941E+26 0.14505905E+25
 0.59907275E+26 0.14429430E+25
 0.59867491E+26 0.14353301E+25
 0.59827519E+26 0.14277525E+25
 0.59787255E+26 0.14202095E+25
 0.59746946E+26 0.14127011E+25
 0.59706538E+26 0.14052252E+25
 0.59665912E+26 0.13977870E+25
 0.59625062E+26 0.13903810E+25
 0.59584199E+26 0.13830093E+25
 0.59543053E+26 0.13756713E+25
 0.59501806E+26 0.13683663E+25
 0.59460212E+26 0.13610956E+25
 0.59418562E+26 0.13538573E+25
 0.59376670E+26 0.13466532E+25
 0.59334742E+26 0.13394815E+25
 0.59292437E+26 0.13323428E+25
 0.59249949E+26 0.13252367E+25
 0.59207450E+26 0.13181633E+25
 0.59164767E+26 0.13111211E+25
 0.59121690E+26 0.13041133E+25
 0.59078504E+26 0.12971366E+25
 0.59035237E+26 0.12901920E+25
 0.58991734E+26 0.12832791E+25
 0.58947996E+26 0.12763979E+25
 0.58903902E+26 0.12695485E+25
 0.58859879E+26 0.12627303E+25
 0.58815577E+26 0.12559434E+25
 0.58771021E+26 0.12491877E+25
 0.58726172E+26 0.12424628E+25
 0.58680915E+26 0.12357690E+25
 0.58636168E+26 0.12291060E+25
 0.58590589E+26 0.12224734E+25
 0.58545199E+26 0.12158712E+25
 0.58499193E+26 0.12092995E+25
 0.58453396E+26 0.12027579E+25
 0.58407142E+26 0.11962463E+25
 0.58360726E+26 0.11897623E+25
 0.58313978E+26 0.11833127E+25
 0.58267108E+26 0.11768905E+25
 0.58219980E+26 0.11704978E+25
 0.58172733E+26 0.11641346E+25
 0.58125186E+26 0.11578005E+25
 0.58077398E+26 0.11514955E+25
 0.58029387E+26 0.11452196E+25
 0.57981094E+26 0.11389725E+25
 0.57932576E+26 0.11327542E+25
 0.57883909E+26 0.11265619E+25
 0.57834880E+26 0.11204012E+25
 0.57785823E+26 0.11142706E+25
 0.57736199E+26 0.11081637E+25
 0.57686580E+26 0.11020895E+25
 0.57636817E+26 0.10960410E+25
 0.57586678E+26 0.10900184E+25
 0.57536239E+26 0.10840276E+25
 0.57485703E+26 0.10780624E+25
 0.57434805E+26 0.10721225E+25
 0.57383577E+26 0.10662141E+25
 0.57332299E+26 0.10603308E+25
 0.57280675E+26 0.10544744E+25
 0.57228685E+26 0.10486465E+25
 0.57176639E+26 0.10428445E+25
 0.57124141E+26 0.10370682E+25
 0.57071401E+26 0.10313207E+25
 0.57018558E+26 0.10255986E+25
 0.56965394E+26 0.10199022E+25
 0.56911940E+26 0.10142341E+25
 0.56858162E+26 0.10085911E+25
 0.56804265E+26 0.10029743E+25
 0.56750015E+26 0.99738334E+24
 0.56695545E+26 0.99181867E+24
 0.56640853E+26 0.98627909E+24
 0.56585705E+26 0.98076580E+24
 0.56530399E+26 0.97527766E+24
 0.56474826E+26 0.96981518E+24
 0.56419010E+26 0.96437757E+24
 0.56362550E+26 0.95896532E+24
 0.56306402E+26 0.95357871E+24
 0.56249571E+26 0.94821635E+24
 0.56192684E+26 0.94287968E+24
 0.56135453E+26 0.93756690E+24
 0.56077775E+26 0.93227943E+24
 0.56020059E+26 0.92701677E+24
 0.55961923E+26 0.92177769E+24
 0.55903513E+26 0.91656401E+24
 0.55844805E+26 0.91137360E+24
 0.55785873E+26 0.90620817E+24
 0.55726541E+26 0.90106645E+24
 0.55666986E+26 0.89594863E+24
 0.55607127E+26 0.89085472E+24
 0.55546877E+26 0.88578456E+24
 0.55486471E+26 0.88073804E+24
 0.55425709E+26 0.87571503E+24
 0.55364612E+26 0.87071552E+24
 0.55303357E+26 0.86573931E+24
 0.55241696E+26 0.86078638E+24
 0.55179691E+26 0.85585659E+24
 0.55117348E+26 0.85094982E+24
 0.55054923E+26 0.84606609E+24
 0.54991938E+26 0.84120519E+24
 0.54928868E+26 0.83636702E+24
 0.54865396E+26 0.83155155E+24
 0.54801500E+26 0.82675866E+24
 0.54737498E+26 0.82198676E+24
 0.54673044E+26 0.81724027E+24
 0.54608301E+26 0.81251454E+24
 0.54543252E+26 0.80781107E+24
 0.54477597E+26 0.80312967E+24
 0.54412328E+26 0.79847029E+24
 0.54346207E+26 0.79383288E+24
 0.54279943E+26 0.78921728E+24
 0.54213390E+26 0.78462344E+24
 0.54146517E+26 0.78005128E+24
 0.54079239E+26 0.77550067E+24
 0.54011680E+26 0.77097154E+24
 0.53943544E+26 0.76646379E+24
 0.52430283E+26 0.76197740E+24
 0.52348619E+26 0.75751225E+24
 0.52393901E+26 0.75306820E+24
 0.53669014E+26 0.74864520E+24
 0.53599616E+26 0.74424319E+24
 0.53529798E+26 0.73986202E+24
 0.53459574E+26 0.73550168E+24
 0.53389155E+26 0.73116203E+24
 0.53318407E+26 0.72684306E+24
 0.53247261E+26 0.72254455E+24
 0.53175843E+26 0.71826665E+24
 0.53103885E+26 0.71400892E+24
 0.53031854E+26 0.70977163E+24
 0.52959534E+26 0.70555465E+24
 0.52886786E+26 0.70135763E+24
 0.52813617E+26 0.69718080E+24
 0.52740294E+26 0.69302392E+24
 0.52666525E+26 0.68888694E+24
 0.52592283E+26 0.68476979E+24
 0.52517999E+26 0.68067237E+24
 0.52443271E+26 0.67659463E+24
 0.52368218E+26 0.67253652E+24
 0.52292805E+26 0.66849793E+24
 0.52217130E+26 0.66447876E+24
 0.52140921E+26 0.66047894E+24
 0.52064651E+26 0.65649842E+24
 0.51987812E+26 0.65253709E+24
 0.51910764E+26 0.64859493E+24
 0.51833418E+26 0.64467182E+24
 0.51755646E+26 0.64076769E+24
 0.51677613E+26 0.63688249E+24
 0.51599164E+26 0.63301613E+24
 0.51520525E+26 0.62916856E+24
 0.49730757E+26 0.62533967E+24
 0.49382583E+26 0.62152941E+24
 0.49304550E+26 0.61773771E+24
 0.50210297E+26 0.61396451E+24
 0.51121965E+26 0.61020972E+24
 0.51041144E+26 0.60647328E+24
 0.50960147E+26 0.60275512E+24
 0.50878823E+26 0.59905517E+24
 0.50796957E+26 0.59537336E+24
 0.50715058E+26 0.59170963E+24
 0.50632586E+26 0.58806392E+24
 0.50550002E+26 0.58443613E+24
 0.50466951E+26 0.58082621E+24
 0.50383587E+26 0.57723411E+24
 0.50299466E+26 0.57365974E+24
 0.50215640E+26 0.57010304E+24
 0.50131541E+26 0.56656397E+24
 0.50046384E+26 0.56304243E+24
 0.49961861E+26 0.55953838E+24
 0.49876217E+26 0.55605173E+24
 0.49790870E+26 0.55258244E+24
 0.49704875E+26 0.54913042E+24
 0.49618566E+26 0.54569563E+24
 0.49531782E+26 0.54227802E+24
 0.49444740E+26 0.53887749E+24
 0.49357681E+26 0.53549406E+24
 0.49270076E+26 0.53212759E+24
 0.49182068E+26 0.52877803E+24
 0.49093957E+26 0.52544532E+24
 0.42168770E+26 0.52212938E+24
 0.38984809E+26 0.51883017E+24
 0.38905493E+26 0.51554766E+24
 0.46547179E+26 0.51228175E+24
 0.48647781E+26 0.50903247E+24
 0.48557599E+26 0.50579943E+24
 0.48467447E+26 0.50258293E+24
 0.48376668E+26 0.49938286E+24
 0.48285521E+26 0.49619906E+24
 0.48194235E+26 0.49303155E+24
 0.48102492E+26 0.48988024E+24
 0.48010198E+26 0.48674509E+24
 0.47918230E+26 0.48362600E+24
 0.47825659E+26 0.48052295E+24
 0.47732582E+26 0.47743587E+24
 0.47639551E+26 0.47436469E+24
 0.47545766E+26 0.47130936E+24
 0.47452215E+26 0.46826988E+24
 0.47358065E+26 0.46524616E+24
 0.47263629E+26 0.46223812E+24
 0.47168697E+26 0.45924573E+24
 0.47074002E+26 0.45626893E+24
 0.46978468E+26 0.45330767E+24
 0.46882860E+26 0.45036186E+24
 0.46786976E+26 0.44743148E+24
 0.46690815E+26 0.44451647E+24
 0.46594699E+26 0.44161676E+24
 0.46497754E+26 0.43873233E+24
 0.46400952E+26 0.43586308E+24
 0.46303423E+26 0.43300900E+24
 0.46205912E+26 0.43017001E+24
 0.46107985E+26 0.42734607E+24
 0.46009872E+26 0.42453712E+24
 0.45911665E+26 0.42174312E+24
 0.45812811E+26 0.41896400E+24
 0.45713943E+26 0.41619973E+24
 0.45614888E+26 0.41345023E+24
 0.45515338E+26 0.41071547E+24
 0.45415695E+26 0.40799541E+24
 0.45315675E+26 0.40528996E+24
 0.45215505E+26 0.40259907E+24
 0.45115028E+26 0.39992272E+24
 0.45014135E+26 0.39726087E+24
 0.44912978E+26 0.39461339E+24
 0.44811859E+26 0.39198034E+24
 0.44710407E+26 0.38936158E+24
 0.44608759E+26 0.38675711E+24
 0.44506606E+26 0.38416685E+24
 0.44404404E+26 0.38159078E+24
 0.41131434E+26 0.37902883E+24
 0.41030134E+26 0.37648094E+24
 0.41228027E+26 0.37394707E+24
 0.43993239E+26 0.37142719E+24
 0.43889751E+26 0.36892121E+24
 0.43786190E+26 0.36642913E+24
 0.43682396E+26 0.36395086E+24
 0.43578166E+26 0.36148633E+24
 0.43473894E+26 0.35903557E+24
 0.43369373E+26 0.35659849E+24
 0.43264759E+26 0.35417501E+24
 0.43159719E+26 0.35176511E+24
 0.43054564E+26 0.34936875E+24
 0.42949208E+26 0.34698586E+24
 0.42843667E+26 0.34461640E+24
 0.42738002E+26 0.34226031E+24
 0.42632024E+26 0.33991756E+24
 0.42525856E+26 0.33758809E+24
 0.42419344E+26 0.33527186E+24
 0.42312901E+26 0.33296880E+24
 0.42206163E+26 0.33067888E+24
 0.42099158E+26 0.32840205E+24
 0.41992057E+26 0.32613825E+24
 0.41884723E+26 0.32388748E+24
 0.41777176E+26 0.32164963E+24
 0.41669736E+26 0.31942462E+24
 0.41561720E+26 0.31721258E+24
 0.41453786E+26 0.31501328E+24
 0.41345579E+26 0.31282673E+24
 0.41237350E+26 0.31065284E+24
 0.41058741E+26 0.30849165E+24
 0.40941986E+26 0.30634307E+24
 0.40833239E+26 0.30420705E+24
 0.40802515E+26 0.30208355E+24
 0.40693333E+26 0.29997250E+24
 0.40584063E+26 0.29787387E+24
 0.40474770E+26 0.29578762E+24
 0.40365120E+26 0.29371367E+24
 0.40255419E+26 0.29165198E+24
 0.39217675E+26 0.28960255E+24
 0.38501339E+26 0.28756526E+24
 0.38393814E+26 0.28554013E+24
 0.39351461E+26 0.28352705E+24
 0.39705150E+26 0.28152602E+24
 0.39594781E+26 0.27953696E+24
 0.39484100E+26 0.27755985E+24
 0.39373316E+26 0.27559461E+24
 0.39262625E+26 0.27364122E+24
 0.39151735E+26 0.27169962E+24
 0.39040650E+26 0.26976978E+24
 0.38929595E+26 0.26785162E+24
 0.38818459E+26 0.26594512E+24
 0.38707031E+26 0.26405022E+24
 0.38595584E+26 0.26216686E+24
 0.38484184E+26 0.26029502E+24
 0.38372640E+26 0.25843463E+24
 0.38260929E+26 0.25658564E+24
 0.38149357E+26 0.25474804E+24
 0.38037347E+26 0.25292172E+24
 0.37925518E+26 0.25110669E+24
 0.37813487E+26 0.24930287E+24
 0.37701440E+26 0.24751023E+24
 0.37589228E+26 0.24572870E+24
 0.37477119E+26 0.24395825E+24
 0.37364954E+26 0.24219883E+24
 0.37103802E+26 0.24045039E+24
 0.36987740E+26 0.23871288E+24
 0.36879667E+26 0.23698626E+24
 0.36915470E+26 0.23527047E+24
 0.36802946E+26 0.23356547E+24
 0.36690456E+26 0.23187121E+24
 0.36577823E+26 0.23018764E+24
 0.36465255E+26 0.22851472E+24
 0.34393697E+26 0.22685238E+24
 0.34272878E+26 0.22520062E+24
 0.34291469E+26 0.22355935E+24
 0.36014391E+26 0.22192854E+24
 0.35901830E+26 0.22030813E+24
 0.35789017E+26 0.21869807E+24
 0.35676212E+26 0.21709833E+24
 0.35563405E+26 0.21550886E+24
 0.35450641E+26 0.21392961E+24
 0.35337854E+26 0.21236052E+24
 0.35225096E+26 0.21080155E+24
 0.35112247E+26 0.20925266E+24
 0.34999440E+26 0.20771379E+24
 0.34886531E+26 0.20618490E+24
 0.34773883E+26 0.20466595E+24
 0.34660943E+26 0.20315687E+24
 0.34548340E+26 0.20165764E+24
 0.34435492E+26 0.20016819E+24
 0.34322833E+26 0.19868848E+24
 0.34210113E+26 0.19721847E+24
 0.34097651E+26 0.19575811E+24
 0.33984819E+26 0.19430734E+24
 0.33872053E+26 0.19286613E+24
 0.33759578E+26 0.19143442E+24
 0.33647013E+26 0.19001216E+24
 0.33534389E+26 0.18859933E+24
 0.33422073E+26 0.18719585E+24
 0.33309512E+26 0.18580167E+24
 0.33197224E+26 0.18441678E+24
 0.31591920E+26 0.18304110E+24
 0.31474126E+26 0.18167460E+24
 0.31472413E+26 0.18031723E+24
 0.32748397E+26 0.17896895E+24
 0.32636218E+26 0.17762969E+24
 0.32524219E+26 0.17629942E+24
 0.32412429E+26 0.17497811E+24
 0.32300389E+26 0.17366568E+24
 0.32188590E+26 0.17236210E+24
 0.32076767E+26 0.17106733E+24
 0.31965173E+26 0.16978131E+24
 0.31853533E+26 0.16850401E+24
 0.31742053E+26 0.16723536E+24
 0.31630685E+26 0.16597534E+24
 0.31519358E+26 0.16472388E+24
 0.31408175E+26 0.16348096E+24
 0.31297113E+26 0.16224651E+24
 0.31185847E+26 0.16102049E+24
 0.31074998E+26 0.15980286E+24
 0.30964051E+26 0.15859357E+24
 0.30853367E+26 0.15739258E+24
 0.30742832E+26 0.15619984E+24
 0.30632316E+26 0.15501530E+24
 0.30521875E+26 0.15383894E+24
 0.30411496E+26 0.15267068E+24
 0.30301126E+26 0.15151048E+24
 0.30191062E+26 0.15035832E+24
 0.30081033E+26 0.14921413E+24
 0.29971372E+26 0.14807789E+24
 0.29861587E+26 0.14694953E+24
 0.29752195E+26 0.14582901E+24
 0.29642584E+26 0.14471631E+24
 0.29533266E+26 0.14361135E+24
 0.29424173E+26 0.14251412E+24
 0.29315136E+26 0.14142454E+24
 0.29206150E+26 0.14034260E+24
 0.29097293E+26 0.13926824E+24
 0.28988675E+26 0.13820141E+24
 0.28880216E+26 0.13714207E+24
 0.28771802E+26 0.13609019E+24
 0.28663672E+26 0.13504571E+24
 0.28555478E+26 0.13400860E+24
 0.28447610E+26 0.13297881E+24
 0.28339881E+26 0.13195628E+24
 0.28232292E+26 0.13094100E+24
 0.28124824E+26 0.12993291E+24
 0.28017589E+26 0.12893196E+24
 0.27910581E+26 0.12793811E+24
 0.27500795E+26 0.12695133E+24
 0.27250216E+26 0.12597158E+24
 0.27145161E+26 0.12499880E+24
 0.27425759E+26 0.12403295E+24
 0.27377307E+26 0.12307401E+24
 0.27271227E+26 0.12212191E+24
 0.27165155E+26 0.12117663E+24
 0.27059395E+26 0.12023812E+24
 0.26953806E+26 0.11930633E+24
 0.26848450E+26 0.11838124E+24
 0.26743158E+26 0.11746279E+24
 0.26638101E+26 0.11655094E+24
 0.26533229E+26 0.11564566E+24
 0.26428521E+26 0.11474691E+24
 0.26324082E+26 0.11385463E+24
 0.26219851E+26 0.11296881E+24
 0.26115644E+26 0.11208939E+24
 0.26011814E+26 0.11121632E+24
 0.25908143E+26 0.11034959E+24
 0.25804466E+26 0.10948913E+24
 0.25701127E+26 0.10863492E+24
 0.25598043E+26 0.10778692E+24
 0.25495094E+26 0.10694508E+24
 0.25392350E+26 0.10610938E+24
 0.25289719E+26 0.10527975E+24
 0.25187558E+26 0.10445618E+24
 0.25085479E+26 0.10363862E+24
 0.24983398E+26 0.10282704E+24
 0.24881831E+26 0.10202139E+24
 0.24780079E+26 0.10122163E+24
 0.24678785E+26 0.10042774E+24
 0.24577867E+26 0.99639663E+23
 0.24476907E+26 0.98857373E+23
 0.24376313E+26 0.98080829E+23
 0.24275701E+26 0.97309995E+23
 0.24175544E+26 0.96544832E+23
 0.24075556E+26 0.95785305E+23
 0.23975783E+26 0.95031376E+23
 0.23876202E+26 0.94283009E+23
 0.23776970E+26 0.93540168E+23
 0.23677718E+26 0.92802816E+23
 0.23578786E+26 0.92070918E+23
 0.23480145E+26 0.91344437E+23
 0.23381758E+26 0.90623343E+23
 0.23283465E+26 0.89907587E+23
 0.23185433E+26 0.89197146E+23
 0.23087618E+26 0.88491982E+23
 0.22990090E+26 0.87792059E+23
 0.22892822E+26 0.87097342E+23
 0.22795772E+26 0.86407797E+23
 0.22698834E+26 0.85723389E+23
 0.22602325E+26 0.85044085E+23
 0.22505868E+26 0.84369848E+23
 0.22409675E+26 0.83700647E+23
 0.22313793E+26 0.83036447E+23
 0.22218035E+26 0.82377214E+23
 0.22122699E+26 0.81722916E+23
 0.22027475E+26 0.81073518E+23
 0.21932535E+26 0.80428987E+23
 0.21837807E+26 0.79789292E+23
 0.21743345E+26 0.79154399E+23
 0.21649034E+26 0.78524275E+23
 0.21555022E+26 0.77898889E+23
 0.21461290E+26 0.77278208E+23
 0.21367773E+26 0.76662200E+23
 0.21274462E+26 0.76050833E+23
 0.21181553E+26 0.75444075E+23
 0.21088768E+26 0.74841895E+23
 0.20996129E+26 0.74244260E+23
 0.20903893E+26 0.73651140E+23
 0.20811763E+26 0.73062507E+23
 0.20720024E+26 0.72478327E+23
 0.20628399E+26 0.71898569E+23
 0.18748382E+26 0.71323205E+23
 0.17122087E+26 0.70752202E+23
 0.17049955E+26 0.70185530E+23
 0.19534272E+26 0.69623160E+23
 0.20174399E+26 0.69065062E+23
 0.20084395E+26 0.68511207E+23
 0.19994602E+26 0.67961563E+23
 0.19905091E+26 0.67416104E+23
 0.19815765E+26 0.66874798E+23
 0.19726725E+26 0.66337617E+23
 0.19637884E+26 0.65804532E+23
 0.19548177E+26 0.65275518E+23
 0.19275979E+26 0.64750538E+23
 0.19188977E+26 0.64229571E+23
 0.19146804E+26 0.63712586E+23
 0.19197879E+26 0.63199556E+23
 0.19110616E+26 0.62690453E+23
 0.19023623E+26 0.62185249E+23
 0.18936889E+26 0.61683916E+23
 0.18850419E+26 0.61186428E+23
 0.18764199E+26 0.60692757E+23
 0.18678213E+26 0.60202876E+23
 0.18592521E+26 0.59716758E+23
 0.18507136E+26 0.59234376E+23
 0.18421878E+26 0.58755705E+23
 0.18336929E+26 0.58280717E+23
 0.18252249E+26 0.57809386E+23
 0.18167824E+26 0.57341689E+23
 0.18083680E+26 0.56877595E+23
 0.17999814E+26 0.56417080E+23
 0.17916161E+26 0.55960119E+23
 0.17832747E+26 0.55506687E+23
 0.17749688E+26 0.55056758E+23
 0.17666807E+26 0.54610308E+23
 0.17584197E+26 0.54167310E+23
 0.17501947E+26 0.53727741E+23
 0.17419823E+26 0.53291576E+23
 0.17338007E+26 0.52858789E+23
 0.17256440E+26 0.52429358E+23
 0.17175152E+26 0.52003257E+23
 0.17094146E+26 0.51580463E+23
 0.17013350E+26 0.51160952E+23
 0.16932856E+26 0.50744700E+23
 0.16852608E+26 0.50331683E+23
 0.16772648E+26 0.49921878E+23
 0.16692920E+26 0.49515261E+23
 0.16613500E+26 0.49111811E+23
 0.16534239E+26 0.48711502E+23
 0.16455338E+26 0.48314314E+23
 0.16376632E+26 0.47920222E+23
 0.16298217E+26 0.47529205E+23
 0.16220053E+26 0.47141240E+23
 0.16142184E+26 0.46756305E+23
 0.16064580E+26 0.46374377E+23
 0.15987196E+26 0.45995435E+23
 0.15910091E+26 0.45619456E+23
 0.15833268E+26 0.45246420E+23
 0.15756728E+26 0.44876304E+23
 0.15680351E+26 0.44509087E+23
 0.15604256E+26 0.44144748E+23
 0.15528469E+26 0.43783265E+23
 0.15452918E+26 0.43424618E+23
 0.15377649E+26 0.43068785E+23
 0.15302676E+26 0.42715747E+23
 0.15227906E+26 0.42365482E+23
 0.15153435E+26 0.42017970E+23
 0.15079182E+26 0.41673191E+23
 0.15005186E+26 0.41331124E+23
 0.14931580E+26 0.40991749E+23
 0.14858107E+26 0.40655047E+23
 0.14784874E+26 0.40320998E+23
 0.14711988E+26 0.39989581E+23
 0.14639329E+26 0.39660779E+23
 0.14566913E+26 0.39334570E+23
 0.14494721E+26 0.39010936E+23
 0.14422855E+26 0.38689857E+23
 0.14351228E+26 0.38371315E+23
 0.14279864E+26 0.38055291E+23
 0.14208754E+26 0.37741766E+23
 0.14137893E+26 0.37430722E+23
 0.14067279E+26 0.37122139E+23
 0.13996968E+26 0.36816000E+23
 0.13926939E+26 0.36512286E+23
 0.13857069E+26 0.36210979E+23
 0.13787498E+26 0.35912061E+23
 0.13718199E+26 0.35615514E+23
 0.13649155E+26 0.35321321E+23
 0.13580367E+26 0.35029464E+23
 0.13511824E+26 0.34739925E+23
 0.13443553E+26 0.34452687E+23
 0.13375570E+26 0.34167732E+23
 0.13307753E+26 0.33885044E+23
 0.13240295E+26 0.33604605E+23
 0.13172987E+26 0.33326398E+23
 0.13105972E+26 0.33050408E+23
 0.13039233E+26 0.32776616E+23
 0.12972728E+26 0.32505006E+23
 0.12906554E+26 0.32235562E+23
 0.12840507E+26 0.31968268E+23
 0.12774765E+26 0.31703107E+23
 0.12709284E+26 0.31440064E+23
 0.12644079E+26 0.31179121E+23
 0.12579080E+26 0.30920264E+23
 0.12514354E+26 0.30663476E+23
 0.12449893E+26 0.30408741E+23
 0.12385682E+26 0.30156045E+23
 0.12321708E+26 0.29905372E+23
 0.12258027E+26 0.29656706E+23
 0.12194499E+26 0.29410032E+23
 0.12131300E+26 0.29165335E+23
 0.12068367E+26 0.28922599E+23
 0.12005601E+26 0.28681811E+23
 0.11943160E+26 0.28442955E+23
 0.11880905E+26 0.28206016E+23
 0.11818943E+26 0.27970980E+23
 0.11757137E+26 0.27737833E+23
 0.11695738E+26 0.27506559E+23
 0.11634486E+26 0.27277145E+23
 0.11573457E+26 0.27049576E+23
 0.11512714E+26 0.26823838E+23
 0.11452215E+26 0.26599917E+23
 0.11391975E+26 0.26377800E+23
 0.11331959E+26 0.26157472E+23
 0.11272193E+26 0.25938920E+23
 0.11212666E+26 0.25722131E+23
 0.11153383E+26 0.25507089E+23
 0.11094322E+26 0.25293783E+23
 0.11035565E+26 0.25082199E+23
 0.10976986E+26 0.24872324E+23
 0.10918652E+26 0.24664144E+23
 0.10860610E+26 0.24457646E+23
 0.10802761E+26 0.24252818E+23
 0.10745155E+26 0.24049647E+23
 0.10687812E+26 0.23848119E+23
 0.10630701E+26 0.23648223E+23
 0.10573854E+26 0.23449945E+23
 0.10517139E+26 0.23253274E+23
 0.10460758E+26 0.23058196E+23
 0.10404610E+26 0.22864699E+23
 0.10348668E+26 0.22672772E+23
 0.10292990E+26 0.22482402E+23
 0.10237565E+26 0.22293577E+23
 0.10182287E+26 0.22106285E+23
 0.10127297E+26 0.21920514E+23
 0.10072557E+26 0.21736252E+23
 0.10018035E+26 0.21553488E+23
 0.99637235E+25 0.21372210E+23
 0.99096666E+25 0.21192406E+23
 0.98558359E+25 0.21014066E+23
 0.98022420E+25 0.20837177E+23
 0.97488938E+25 0.20661729E+23
 0.96957533E+25 0.20487710E+23
 0.96428473E+25 0.20315109E+23
 0.95901712E+25 0.20143915E+23
 0.95377172E+25 0.19974117E+23
 0.94854828E+25 0.19805704E+23
 0.94334877E+25 0.19638665E+23
 0.93817217E+25 0.19472991E+23
 0.93302333E+25 0.19308669E+23
 0.92789051E+25 0.19145690E+23
 0.92277675E+25 0.18984042E+23
 0.91769016E+25 0.18823716E+23
 0.91262523E+25 0.18664702E+23
 0.90758467E+25 0.18506988E+23
 0.90256812E+25 0.18350565E+23
 0.89756646E+25 0.18195423E+23
 0.89259070E+25 0.18041551E+23
 0.88763865E+25 0.17888940E+23
 0.88270605E+25 0.17737580E+23
 0.87779663E+25 0.17587460E+23
 0.87290927E+25 0.17438572E+23
 0.86804366E+25 0.17290906E+23
 0.86319988E+25 0.17144451E+23
 0.85837900E+25 0.16999199E+23
 0.85357747E+25 0.16855139E+23
 0.84879979E+25 0.16712264E+23
 0.84404238E+25 0.16570562E+23
 0.83930949E+25 0.16430025E+23
 0.83459224E+25 0.16290645E+23
 0.82989810E+25 0.16152411E+23
 0.82522790E+25 0.16015314E+23
 0.82057602E+25 0.15879346E+23
 0.81594708E+25 0.15744498E+23
 0.81133970E+25 0.15610761E+23
 0.80675231E+25 0.15478126E+23
 0.80218690E+25 0.15346585E+23
 0.79764213E+25 0.15216128E+23
 0.79311753E+25 0.15086748E+23
 0.78861399E+25 0.14958435E+23
 0.78413067E+25 0.14831181E+23
 0.77966879E+25 0.14704978E+23
 0.77522730E+25 0.14579818E+23
 0.77080617E+25 0.14455692E+23
 0.76640593E+25 0.14332591E+23
 0.76202629E+25 0.14210509E+23
 0.75766684E+25 0.14089437E+23
 0.75332878E+25 0.13969366E+23
 0.74900977E+25 0.13850289E+23
 0.74471004E+25 0.13732198E+23
 0.74043153E+25 0.13615085E+23
 0.73617398E+25 0.13498942E+23
 0.73193424E+25 0.13383762E+23
 0.72771683E+25 0.13269537E+23
 0.72351788E+25 0.13156259E+23
 0.71933812E+25 0.13043920E+23
 0.71517980E+25 0.12932514E+23
 0.71104107E+25 0.12822033E+23
 0.70691956E+25 0.12712469E+23
 0.70281912E+25 0.12603815E+23
 0.69873994E+25 0.12496064E+23
 0.69467747E+25 0.12389209E+23
 0.69063442E+25 0.12283242E+23
 0.68661158E+25 0.12178156E+23
 0.68260802E+25 0.12073945E+23
 0.67862364E+25 0.11970600E+23
 0.67465931E+25 0.11868116E+23
 0.67071188E+25 0.11766486E+23
 0.66678640E+25 0.11665702E+23
 0.66287788E+25 0.11565758E+23
 0.65898660E+25 0.11466647E+23
 0.65511653E+25 0.11368362E+23
 0.65126371E+25 0.11270897E+23
 0.64743098E+25 0.11174246E+23
 0.64361545E+25 0.11078400E+23
 0.63981885E+25 0.10983355E+23
 0.63604119E+25 0.10889104E+23
 0.63228226E+25 0.10795640E+23
 0.62854105E+25 0.10702957E+23
 0.62481807E+25 0.10611049E+23
 0.62111358E+25 0.10519909E+23
 0.61742678E+25 0.10429531E+23
 0.61375817E+25 0.10339909E+23
 0.61010761E+25 0.10251038E+23
 0.60647499E+25 0.10162910E+23
 0.60286027E+25 0.10075520E+23
 0.59926416E+25 0.99888623E+22
 0.59568439E+25 0.99029306E+22
 0.59212275E+25 0.98177190E+22
 0.58858138E+25 0.97332219E+22
 0.58505506E+25 0.96494334E+22
 0.58154386E+25 0.95663477E+22
 0.57805220E+25 0.94839592E+22
 0.57457818E+25 0.94022622E+22
 0.57112147E+25 0.93212511E+22
 0.56768201E+25 0.92409204E+22
 0.56425965E+25 0.91612646E+22
 0.56085453E+25 0.90822781E+22
 0.55746633E+25 0.90039556E+22
 0.55409501E+25 0.89262916E+22
 0.55074073E+25 0.88492809E+22
 0.54740333E+25 0.87729180E+22
 0.54408267E+25 0.86971978E+22
 0.54077877E+25 0.86221149E+22
 0.53749152E+25 0.85476643E+22
 0.53422107E+25 0.84738408E+22
 0.53096627E+25 0.84006393E+22
 0.52772919E+25 0.83280547E+22
 0.52450804E+25 0.82560820E+22
 0.52130314E+25 0.81847161E+22
 0.51811459E+25 0.81139523E+22
 0.51494223E+25 0.80437855E+22
 0.51178625E+25 0.79742108E+22
 0.50864622E+25 0.79052235E+22
 0.50552204E+25 0.78368188E+22
 0.50241418E+25 0.77689918E+22
 0.49932203E+25 0.77017379E+22
 0.49624581E+25 0.76350524E+22
 0.49318526E+25 0.75689307E+22
 0.49014062E+25 0.75033680E+22
 0.48711158E+25 0.74383600E+22
 0.48409803E+25 0.73739019E+22
 0.48110028E+25 0.73099894E+22
 0.47811774E+25 0.72466179E+22
 0.47515098E+25 0.71837830E+22
 0.47219935E+25 0.71214803E+22
 0.46926310E+25 0.70597055E+22
 0.46634204E+25 0.69984542E+22
 0.46343606E+25 0.69377221E+22
 0.46054553E+25 0.68775050E+22
 0.45766987E+25 0.68177986E+22
 0.45480802E+25 0.67585987E+22
 0.45196229E+25 0.66999013E+22
 0.44913152E+25 0.66417020E+22
 0.44631546E+25 0.65839969E+22
 0.44351427E+25 0.65267820E+22
 0.44072793E+25 0.64700530E+22
 0.43795597E+25 0.64138061E+22
 0.43519889E+25 0.63580373E+22
 0.43245619E+25 0.63027426E+22
 0.42972787E+25 0.62479182E+22
 0.42701417E+25 0.61935601E+22
 0.42431466E+25 0.61396646E+22
 0.42162963E+25 0.60862277E+22
 0.41895874E+25 0.60332458E+22
 0.41630202E+25 0.59807150E+22
 0.41365948E+25 0.59286316E+22
 0.41103082E+25 0.58769920E+22
 0.40841648E+25 0.58257925E+22
 0.40581598E+25 0.57750294E+22
 0.40322935E+25 0.57246991E+22
 0.40065643E+25 0.56747981E+22
 0.39809757E+25 0.56253227E+22
 0.39555231E+25 0.55762696E+22
 0.39302059E+25 0.55276351E+22
 0.39050276E+25 0.54794158E+22
 0.38799836E+25 0.54316083E+22
 0.38550745E+25 0.53842091E+22
 0.38303000E+25 0.53372149E+22
 0.38056595E+25 0.52906223E+22
 0.37811525E+25 0.52444280E+22
 0.37567782E+25 0.51986287E+22
 0.37325361E+25 0.51532210E+22
 0.37084261E+25 0.51082018E+22
 0.36844470E+25 0.50635678E+22
 0.36605986E+25 0.50193158E+22
 0.36368803E+25 0.49754426E+22
 0.36132928E+25 0.49319451E+22
 0.35898330E+25 0.48888202E+22
 0.35665007E+25 0.48460648E+22
 0.35432985E+25 0.48036757E+22
 0.35202215E+25 0.47616499E+22
 0.34972726E+25 0.47199845E+22
 0.34744500E+25 0.46786763E+22
 0.34517531E+25 0.46377225E+22
 0.34291816E+25 0.45971200E+22
 0.34067346E+25 0.45568660E+22
 0.33844121E+25 0.45169575E+22
 0.33622131E+25 0.44773917E+22
 0.33401375E+25 0.44381656E+22
 0.33181844E+25 0.43992765E+22
 0.32963534E+25 0.43607215E+22
 0.32746441E+25 0.43224979E+22
 0.32530558E+25 0.42846028E+22
 0.32315882E+25 0.42470335E+22
 0.32102405E+25 0.42097874E+22
 0.31890125E+25 0.41728616E+22
 0.31679034E+25 0.41362535E+22
 0.31469126E+25 0.40999605E+22
 0.31260403E+25 0.40639799E+22
 0.31052908E+25 0.40283091E+22
 0.30846527E+25 0.39929455E+22
 0.30641257E+25 0.39578865E+22
 0.30437202E+25 0.39231296E+22
 0.30234301E+25 0.38886722E+22
 0.30032550E+25 0.38545118E+22
 0.29831944E+25 0.38206459E+22
 0.29632479E+25 0.37870721E+22
 0.29434148E+25 0.37537879E+22
 0.29236948E+25 0.37207909E+22
 0.29040872E+25 0.36880786E+22
 0.28845917E+25 0.36556486E+22
 0.28652078E+25 0.36234987E+22
 0.28459348E+25 0.35916264E+22
 0.28267727E+25 0.35600293E+22
 0.28077193E+25 0.35287053E+22
 0.27887768E+25 0.34976519E+22
 0.27699423E+25 0.34668669E+22
 0.27512195E+25 0.34363480E+22
 0.27326028E+25 0.34060930E+22
 0.27140938E+25 0.33760997E+22
 0.26956920E+25 0.33463659E+22
 0.26773959E+25 0.33168893E+22
 0.26592072E+25 0.32876678E+22
 0.26411241E+25 0.32586993E+22
 0.26231474E+25 0.32299815E+22
 0.26052745E+25 0.32015125E+22
 0.25875061E+25 0.31732901E+22
 0.25698416E+25 0.31453121E+22
 0.25522843E+25 0.31175766E+22
 0.25348262E+25 0.30900815E+22
 0.25174706E+25 0.30628248E+22
 0.25002179E+25 0.30358044E+22
 0.24830659E+25 0.30090183E+22
 0.24660151E+25 0.29824646E+22
 0.24490641E+25 0.29561413E+22
 0.24322143E+25 0.29300464E+22
 0.24154642E+25 0.29041780E+22
 0.23988144E+25 0.28785342E+22
 0.23822626E+25 0.28531131E+22
 0.23658092E+25 0.28279128E+22
 0.23494538E+25 0.28029314E+22
 0.23331951E+25 0.27781670E+22
 0.23170352E+25 0.27536179E+22
 0.23009711E+25 0.27292821E+22
 0.22850032E+25 0.27051580E+22
 0.22691303E+25 0.26812436E+22
 0.22533543E+25 0.26575372E+22
 0.22376724E+25 0.26340370E+22
 0.22220849E+25 0.26107414E+22
 0.22065915E+25 0.25876484E+22
 0.21911916E+25 0.25647565E+22
 0.21758841E+25 0.25420639E+22
 0.21606700E+25 0.25195689E+22
 0.21455492E+25 0.24972698E+22
 0.21305193E+25 0.24751649E+22
 0.21155808E+25 0.24532527E+22
 0.21007326E+25 0.24315315E+22
 0.20859758E+25 0.24099995E+22
 0.20713090E+25 0.23886553E+22
 0.20567328E+25 0.23674972E+22
 0.20422451E+25 0.23465237E+22
 0.20278463E+25 0.23257331E+22
 0.20135359E+25 0.23051239E+22
 0.19993127E+25 0.22846945E+22
 0.19851780E+25 0.22644435E+22
 0.19711305E+25 0.22443692E+22
 0.19571704E+25 0.22244702E+22
 0.19432961E+25 0.22047450E+22
 0.19295076E+25 0.21851921E+22
 0.19158040E+25 0.21658101E+22
 0.19021862E+25 0.21465973E+22
 0.18886531E+25 0.21275525E+22
 0.18752051E+25 0.21086742E+22
 0.18618403E+25 0.20899610E+22
 0.18485582E+25 0.20714113E+22
 0.18353607E+25 0.20530239E+22
 0.18222444E+25 0.20347974E+22
 0.18092112E+25 0.20167303E+22
 0.17962597E+25 0.19988214E+22
 0.17833905E+25 0.19810692E+22
 0.17706010E+25 0.19634724E+22
 0.17578935E+25 0.19460296E+22
 0.17452657E+25 0.19287396E+22
 0.17327170E+25 0.19116011E+22
 0.17202486E+25 0.18946127E+22
 0.17078592E+25 0.18777732E+22
 0.16955485E+25 0.18610812E+22
 0.16833168E+25 0.18445355E+22
 0.16711624E+25 0.18281349E+22
 0.16590848E+25 0.18118781E+22
 0.16470851E+25 0.17957639E+22
 0.16351621E+25 0.17797910E+22
 0.16233155E+25 0.17639583E+22
 0.16115449E+25 0.17482644E+22
 0.15998505E+25 0.17327083E+22
 0.15882307E+25 0.17172888E+22
 0.15766851E+25 0.17020046E+22
 0.15652145E+25 0.16868546E+22
 0.15538176E+25 0.16718377E+22
 0.15424949E+25 0.16569526E+22
 0.15312455E+25 0.16421984E+22
 0.15200701E+25 0.16275737E+22
 0.15089656E+25 0.16130776E+22
 0.14979339E+25 0.15987089E+22
 0.14869740E+25 0.15844665E+22
 0.14760856E+25 0.15703494E+22
 0.14652677E+25 0.15563564E+22
 0.14545211E+25 0.15424864E+22
 0.14438447E+25 0.15287385E+22
 0.14332389E+25 0.15151116E+22
 0.14227022E+25 0.15016045E+22
 0.14122346E+25 0.14882163E+22
 0.14018359E+25 0.14749460E+22
 0.13915063E+25 0.14617925E+22
 0.13812438E+25 0.14487549E+22
 0.13710496E+25 0.14358320E+22
 0.13609228E+25 0.14230230E+22
 0.13508630E+25 0.14103269E+22
 0.13408700E+25 0.13977426E+22
 0.13309434E+25 0.13852692E+22
 0.13210833E+25 0.13729057E+22
 0.13112882E+25 0.13606512E+22
 0.13015585E+25 0.13485048E+22
 0.12918936E+25 0.13364655E+22
 0.12822934E+25 0.13245324E+22
 0.12727574E+25 0.13127045E+22
 0.12632854E+25 0.13009810E+22
 0.12538768E+25 0.12893609E+22
 0.12445309E+25 0.12778434E+22
 0.12352489E+25 0.12664275E+22
 0.12260288E+25 0.12551124E+22
 0.12168709E+25 0.12438972E+22
 0.12077749E+25 0.12327810E+22
 0.11987403E+25 0.12217631E+22
 0.11897668E+25 0.12108424E+22
 0.11808541E+25 0.12000182E+22
 0.11720018E+25 0.11892897E+22
 0.11632097E+25 0.11786559E+22
 0.11544774E+25 0.11681162E+22
 0.11458045E+25 0.11576696E+22
 0.11371907E+25 0.11473154E+22
 0.11286356E+25 0.11370527E+22
 0.11201386E+25 0.11268808E+22
 0.11117001E+25 0.11167989E+22
 0.11033194E+25 0.11068061E+22
 0.10949962E+25 0.10969018E+22
 0.10867301E+25 0.10870851E+22
 0.10785208E+25 0.10773553E+22
 0.10703679E+25 0.10677116E+22
 0.10622713E+25 0.10581533E+22
 0.10542305E+25 0.10486796E+22
 0.10462451E+25 0.10392898E+22
 0.10383150E+25 0.10299831E+22
 0.10304397E+25 0.10207589E+22
 0.10226190E+25 0.10116164E+22
 0.10148525E+25 0.10025549E+22
 0.10071400E+25 0.99357372E+21
 0.99948100E+24 0.98467212E+21
 0.99187532E+24 0.97584943E+21
 0.98432261E+24 0.96710494E+21
 0.97682260E+24 0.95843799E+21
 0.96937495E+24 0.94984789E+21
 0.96197932E+24 0.94133398E+21
 0.95463547E+24 0.93289558E+21
 0.94734304E+24 0.92453204E+21
 0.94010174E+24 0.91624270E+21
 0.93291126E+24 0.90802692E+21
 0.92577132E+24 0.89988405E+21
 0.91868159E+24 0.89181346E+21
 0.91164179E+24 0.88381450E+21
 0.90465160E+24 0.87588657E+21
 0.89771074E+24 0.86802903E+21
 0.89081890E+24 0.86024126E+21
 0.88397580E+24 0.85252267E+21
 0.87718113E+24 0.84487264E+21
 0.87043459E+24 0.83729057E+21
 0.86373593E+24 0.82977587E+21
 0.85708481E+24 0.82232795E+21
 0.85048097E+24 0.81494622E+21
 0.84392409E+24 0.80763011E+21
 0.83741392E+24 0.80037903E+21
 0.83095015E+24 0.79319242E+21
 0.82453250E+24 0.78606971E+21
 0.81816069E+24 0.77901035E+21
 0.81183444E+24 0.77201378E+21
 0.80555345E+24 0.76507944E+21
 0.79931746E+24 0.75820679E+21
 0.79312618E+24 0.75139529E+21
 0.78697934E+24 0.74464441E+21
 0.78087665E+24 0.73795361E+21
 0.77481785E+24 0.73132236E+21
 0.76880265E+24 0.72475014E+21
 0.76283079E+24 0.71823644E+21
 0.75690200E+24 0.71178073E+21
 0.75101600E+24 0.70538252E+21
 0.74517253E+24 0.69904129E+21
 0.73937130E+24 0.69275654E+21
 0.73361208E+24 0.68652778E+21
 0.72789457E+24 0.68035452E+21
 0.72221852E+24 0.67423627E+21
 0.71658366E+24 0.66817254E+21
 0.71098973E+24 0.66216285E+21
 0.70543648E+24 0.65620674E+21
 0.69992266E+24 0.65030372E+21
 0.69444998E+24 0.64445334E+21
 0.68901719E+24 0.63865512E+21
 0.68362404E+24 0.63290861E+21
 0.67827028E+24 0.62721336E+21
 0.67295565E+24 0.62156891E+21
 0.66767989E+24 0.61597481E+21
 0.66244276E+24 0.61043063E+21
 0.65724401E+24 0.60493592E+21
 0.65208339E+24 0.59949024E+21
 0.64696064E+24 0.59409317E+21
 0.64187553E+24 0.58874428E+21
 0.63682781E+24 0.58344314E+21
 0.63181724E+24 0.57818932E+21
 0.62684356E+24 0.57298242E+21
 0.62190655E+24 0.56782202E+21
 0.61700596E+24 0.56270771E+21
 0.61214154E+24 0.55763909E+21
 0.60731306E+24 0.55261574E+21
 0.60252030E+24 0.54763727E+21
 0.59776301E+24 0.54270329E+21
 0.59304095E+24 0.53781339E+21
 0.58835389E+24 0.53296720E+21
 0.58370161E+24 0.52816433E+21
 0.57908386E+24 0.52340439E+21
 0.57450043E+24 0.51868700E+21
 0.56995108E+24 0.51401179E+21
 0.56543558E+24 0.50937839E+21
 0.56095371E+24 0.50478642E+21
 0.55650524E+24 0.50023553E+21
 0.55208996E+24 0.49572534E+21
 0.54770763E+24 0.49125550E+21
 0.54335804E+24 0.48682564E+21
 0.53904096E+24 0.48243543E+21
 0.53475618E+24 0.47808450E+21
 0.53050348E+24 0.47377251E+21
 0.52628264E+24 0.46949911E+21
 0.52209344E+24 0.46526397E+21
 0.51793568E+24 0.46106674E+21
 0.51380914E+24 0.45690708E+21
 0.50971360E+24 0.45278468E+21
 0.50564885E+24 0.44869919E+21
 0.50161469E+24 0.44465028E+21
 0.49761091E+24 0.44063765E+21
 0.49363729E+24 0.43666095E+21
 0.48969364E+24 0.43271988E+21
 0.48577974E+24 0.42881412E+21
 0.48189540E+24 0.42494336E+21
 0.47804041E+24 0.42110728E+21
 0.47421457E+24 0.41730558E+21
 0.47041768E+24 0.41353796E+21
 0.46664954E+24 0.40980411E+21
 0.46290995E+24 0.40610372E+21
 0.45919872E+24 0.40243652E+21
 0.45551564E+24 0.39880219E+21
 0.45186053E+24 0.39520046E+21
 0.44823319E+24 0.39163102E+21
 0.44463343E+24 0.38809360E+21
 0.44106105E+24 0.38458791E+21
 0.43751586E+24 0.38111366E+21
 0.43399768E+24 0.37767058E+21
 0.43050632E+24 0.37425840E+21
 0.42704159E+24 0.37087683E+21
 0.42360330E+24 0.36752560E+21
 0.42019127E+24 0.36420446E+21
 0.41680531E+24 0.36091312E+21
 0.41344524E+24 0.35765132E+21
 0.41011089E+24 0.35441881E+21
 0.40680206E+24 0.35121531E+21
 0.40351858E+24 0.34804058E+21
 0.40026028E+24 0.34489435E+21
 0.39702696E+24 0.34177638E+21
 0.39381846E+24 0.33868641E+21
 0.39063461E+24 0.33562420E+21
 0.38747522E+24 0.33258949E+21
 0.38434012E+24 0.32958204E+21
 0.38122915E+24 0.32660161E+21
 0.37814212E+24 0.32364796E+21
 0.37507888E+24 0.32072085E+21
 0.37203925E+24 0.31782004E+21
 0.36902306E+24 0.31494531E+21
 0.36603014E+24 0.31209641E+21
 0.36306034E+24 0.30927312E+21
 0.36011347E+24 0.30647521E+21
 0.35718939E+24 0.30370245E+21
 0.35428793E+24 0.30095463E+21
 0.35140892E+24 0.29823151E+21
 0.34855220E+24 0.29553288E+21
 0.34571762E+24 0.29285852E+21
 0.34290502E+24 0.29020821E+21
 0.34011423E+24 0.28758174E+21
 0.33734510E+24 0.28497890E+21
 0.33459748E+24 0.28239947E+21
 0.33187121E+24 0.27984325E+21
 0.32916613E+24 0.27731003E+21
 0.32648210E+24 0.27479961E+21
 0.32381895E+24 0.27231178E+21
 0.32117654E+24 0.26984634E+21
 0.31855472E+24 0.26740309E+21
 0.31595333E+24 0.26498183E+21
 0.31337223E+24 0.26258237E+21
 0.31081128E+24 0.26020451E+21
 0.30827032E+24 0.25784805E+21
 0.30574922E+24 0.25551282E+21
 0.30324782E+24 0.25319862E+21
 0.30076599E+24 0.25090526E+21
 0.29830358E+24 0.24863255E+21
 0.29586044E+24 0.24638031E+21
 0.29343644E+24 0.24414836E+21
 0.29103144E+24 0.24193652E+21
 0.28864530E+24 0.23974460E+21
 0.28627788E+24 0.23757243E+21
 0.28392904E+24 0.23541984E+21
 0.28159864E+24 0.23328664E+21
 0.27928656E+24 0.23117266E+21
 0.27699265E+24 0.22907774E+21
 0.27471679E+24 0.22700170E+21
 0.27245883E+24 0.22494438E+21
 0.27021865E+24 0.22290560E+21
 0.26799611E+24 0.22088519E+21
 0.26579110E+24 0.21888301E+21
 0.26360346E+24 0.21689888E+21
 0.26143309E+24 0.21493263E+21
 0.25927984E+24 0.21298412E+21
 0.25714360E+24 0.21105319E+21
 0.25502424E+24 0.20913966E+21
 0.25292162E+24 0.20724340E+21
 0.25083564E+24 0.20536424E+21
 0.24876615E+24 0.20350204E+21
 0.24671305E+24 0.20165663E+21
 0.24467621E+24 0.19982787E+21
 0.24265551E+24 0.19801561E+21
 0.24065082E+24 0.19621971E+21
 0.23866203E+24 0.19444001E+21
 0.23668902E+24 0.19267638E+21
 0.23473168E+24 0.19092866E+21
 0.23278987E+24 0.18919671E+21
 0.23086350E+24 0.18748040E+21
 0.22895244E+24 0.18577958E+21
 0.22705658E+24 0.18409412E+21
 0.22517580E+24 0.18242387E+21
 0.22330999E+24 0.18076871E+21
 0.22145904E+24 0.17912849E+21
 0.21962284E+24 0.17750308E+21
 0.21780128E+24 0.17589234E+21
 0.21599424E+24 0.17429616E+21
 0.21420162E+24 0.17271439E+21
 0.21242330E+24 0.17114691E+21
 0.21065919E+24 0.16959359E+21
 0.20890917E+24 0.16805430E+21
 0.20717313E+24 0.16652891E+21
 0.20545098E+24 0.16501731E+21
 0.20374264E+24 0.16351936E+21
 0.20204793E+24 0.16203495E+21
 0.20036680E+24 0.16056396E+21
 0.19869912E+24 0.15910625E+21
 0.19704482E+24 0.15766172E+21
 0.19540377E+24 0.15623025E+21
 0.19377589E+24 0.15481171E+21
 0.19216107E+24 0.15340600E+21
 0.19055921E+24 0.15201299E+21
 0.18897021E+24 0.15063258E+21
 0.18739398E+24 0.14926465E+21
 0.18583042E+24 0.14790908E+21
 0.18427943E+24 0.14656577E+21
 0.18274092E+24 0.14523461E+21
 0.18121479E+24 0.14391549E+21
 0.17970094E+24 0.14260829E+21
 0.17819929E+24 0.14131292E+21
 0.17670974E+24 0.14002926E+21
 0.17523219E+24 0.13875722E+21
 0.17376656E+24 0.13749668E+21
 0.17231275E+24 0.13624754E+21
 0.17087068E+24 0.13500971E+21
 0.16944025E+24 0.13378307E+21
 0.16802138E+24 0.13256753E+21
 0.16661397E+24 0.13136299E+21
 0.16521794E+24 0.13016935E+21
 0.16383320E+24 0.12898651E+21
 0.16245966E+24 0.12781438E+21
 0.16109724E+24 0.12665285E+21
 0.15974585E+24 0.12550184E+21
 0.15840541E+24 0.12436125E+21
 0.15707582E+24 0.12323098E+21
 0.15575702E+24 0.12211094E+21
 0.15444891E+24 0.12100104E+21
 0.15315142E+24 0.11990119E+21
 0.15186446E+24 0.11881130E+21
 0.15058740E+24 0.11773127E+21
 0.14932126E+24 0.11666103E+21
 0.14806540E+24 0.11560047E+21
 0.14681976E+24 0.11454953E+21
 0.14558425E+24 0.11350809E+21
 0.14435878E+24 0.11247610E+21
 0.14314329E+24 0.11145344E+21
 0.14193770E+24 0.11044005E+21
 0.14074244E+24 0.10943584E+21
 0.13955640E+24 0.10844073E+21
 0.13838003E+24 0.10745463E+21
 0.13721325E+24 0.10647747E+21
 0.13605599E+24 0.10550916E+21
 0.13490817E+24 0.10454962E+21
 0.13376973E+24 0.10359878E+21
 0.13264058E+24 0.10265655E+21
 0.13152065E+24 0.10172286E+21
 0.13040988E+24 0.10079763E+21
 0.12930818E+24 0.99880789E+20
 0.12821550E+24 0.98972256E+20
 0.12713176E+24 0.98071958E+20
 0.12605688E+24 0.97179820E+20
 0.12499081E+24 0.96295769E+20
 0.12393347E+24 0.95419732E+20
 0.12288479E+24 0.94551636E+20
 0.12184470E+24 0.93691410E+20
 0.12081315E+24 0.92838984E+20
 0.11979005E+24 0.91994286E+20
 0.11877535E+24 0.91157247E+20
 0.11776898E+24 0.90327797E+20
 0.11677087E+24 0.89505870E+20
 0.11578096E+24 0.88691395E+20
 0.11479918E+24 0.87884307E+20
 0.11382548E+24 0.87084539E+20
 0.11285978E+24 0.86292024E+20
 0.11190202E+24 0.85506698E+20
 0.11095214E+24 0.84728494E+20
 0.11001009E+24 0.83957350E+20
 0.10907579E+24 0.83193200E+20
 0.10814918E+24 0.82435983E+20
 0.10723021E+24 0.81685636E+20
 0.10631882E+24 0.80942095E+20
 0.10541494E+24 0.80205301E+20
 0.10451852E+24 0.79475192E+20
 0.10362949E+24 0.78751708E+20
 0.10274780E+24 0.78034789E+20
 0.10187340E+24 0.77324375E+20
 0.10100621E+24 0.76620408E+20
 0.10014619E+24 0.75922830E+20
 0.99293278E+23 0.75231583E+20
 0.98447419E+23 0.74546610E+20
 0.97608555E+23 0.73867854E+20
 0.96776632E+23 0.73195258E+20
 0.95951595E+23 0.72528768E+20
 0.95133388E+23 0.71868329E+20
 0.94321958E+23 0.71213884E+20
 0.93517250E+23 0.70565381E+20
 0.92719212E+23 0.69922766E+20
 0.91927790E+23 0.69285985E+20
 0.91142932E+23 0.68654986E+20
 0.90364584E+23 0.68029716E+20
 0.89592696E+23 0.67410124E+20
 0.88827215E+23 0.66796158E+20
 0.88068092E+23 0.66187768E+20
 0.87315274E+23 0.65584903E+20
 0.86568711E+23 0.64987513E+20
 0.85828354E+23 0.64395548E+20
 0.85094153E+23 0.63808960E+20
 0.84366059E+23 0.63227700E+20
 0.83644023E+23 0.62651720E+20
 0.82927997E+23 0.62080972E+20
 0.82217931E+23 0.61515408E+20
 0.81513780E+23 0.60954982E+20
 0.80815494E+23 0.60399648E+20
 0.80123028E+23 0.59849358E+20
 0.79436334E+23 0.59304069E+20
 0.78755367E+23 0.58763733E+20
 0.78080080E+23 0.58228307E+20
 0.77410427E+23 0.57697747E+20
 0.76746364E+23 0.57172007E+20
 0.76087845E+23 0.56651045E+20
 0.75434827E+23 0.56134817E+20
 0.74787264E+23 0.55623280E+20
 0.74145112E+23 0.55116393E+20
 0.73508329E+23 0.54614112E+20
 0.72876871E+23 0.54116396E+20
 0.72250695E+23 0.53623204E+20
 0.71629758E+23 0.53134494E+20
 0.71014019E+23 0.52650227E+20
 0.70403435E+23 0.52170362E+20
 0.69797964E+23 0.51694859E+20
 0.69197566E+23 0.51223679E+20
 0.68602200E+23 0.50756782E+20
 0.68011824E+23 0.50294130E+20
 0.67426399E+23 0.49835684E+20
 0.66845884E+23 0.49381406E+20
 0.66270239E+23 0.48931259E+20
 0.65699426E+23 0.48485204E+20
 0.65133405E+23 0.48043206E+20
 0.64572137E+23 0.47605226E+20
 0.64015584E+23 0.47171230E+20
 0.63463708E+23 0.46741180E+20
 0.62916470E+23 0.46315040E+20
 0.62373834E+23 0.45892777E+20
 0.61835760E+23 0.45474353E+20
 0.61302214E+23 0.45059735E+20
 0.60773157E+23 0.44648888E+20
 0.60248554E+23 0.44241778E+20
 0.59728368E+23 0.43838372E+20
 0.59212563E+23 0.43438634E+20
 0.58701103E+23 0.43042533E+20
 0.58193954E+23 0.42650035E+20
 0.57691079E+23 0.42261107E+20
 0.57192445E+23 0.41875718E+20
 0.56698017E+23 0.41493835E+20
 0.56207760E+23 0.41115426E+20
 0.55721641E+23 0.40740460E+20
 0.55239625E+23 0.40368906E+20
 0.54761680E+23 0.40000732E+20
 0.54287771E+23 0.39635908E+20
 0.53817866E+23 0.39274405E+20
 0.53351933E+23 0.38916190E+20
 0.52889938E+23 0.38561236E+20
 0.52431850E+23 0.38209511E+20
 0.51977637E+23 0.37860988E+20
 0.51527266E+23 0.37515636E+20
 0.51080707E+23 0.37173428E+20
 0.50637928E+23 0.36834334E+20
 0.50198899E+23 0.36498326E+20
 0.49763588E+23 0.36165377E+20
 0.49331965E+23 0.35835458E+20
 0.48904000E+23 0.35508542E+20
 0.48479663E+23 0.35184602E+20
 0.48058923E+23 0.34863611E+20
 0.47641753E+23 0.34545542E+20
 0.47228121E+23 0.34230369E+20
 0.46818000E+23 0.33918065E+20
 0.46411359E+23 0.33608604E+20
 0.46008172E+23 0.33301960E+20
 0.45608408E+23 0.32998109E+20
 0.45212041E+23 0.32697023E+20
 0.44819042E+23 0.32398680E+20
 0.44429383E+23 0.32103052E+20
 0.44043037E+23 0.31810117E+20
 0.43659977E+23 0.31519849E+20
 0.43280174E+23 0.31232224E+20
 0.42903604E+23 0.30947218E+20
 0.42530239E+23 0.30664808E+20
 0.42160052E+23 0.30384970E+20
 0.41793017E+23 0.30107680E+20
 0.41429108E+23 0.29832915E+20
 0.41068300E+23 0.29560653E+20
 0.40710567E+23 0.29290870E+20
 0.40355883E+23 0.29023545E+20
 0.40004223E+23 0.28758655E+20
 0.39655562E+23 0.28496177E+20
 0.39309875E+23 0.28236090E+20
 0.38967139E+23 0.27978372E+20
 0.38627327E+23 0.27723002E+20
 0.38290416E+23 0.27469958E+20
 0.37956383E+23 0.27219219E+20
 0.37625202E+23 0.26970764E+20
 0.37296852E+23 0.26724573E+20
 0.36971307E+23 0.26480625E+20
 0.36648544E+23 0.26238899E+20
 0.36328542E+23 0.25999375E+20
 0.36011276E+23 0.25762034E+20
 0.35696724E+23 0.25526855E+20
 0.35384863E+23 0.25293819E+20
 0.35075672E+23 0.25062907E+20
 0.34769127E+23 0.24834098E+20
 0.34465207E+23 0.24607375E+20
 0.34163891E+23 0.24382717E+20
 0.33865155E+23 0.24160107E+20
 0.33568980E+23 0.23939525E+20
 0.33275342E+23 0.23720953E+20
 0.32984223E+23 0.23504374E+20
 0.32695599E+23 0.23289768E+20
 0.32409452E+23 0.23077118E+20
 0.32125759E+23 0.22866406E+20
 0.31844501E+23 0.22657615E+20
 0.31565656E+23 0.22450726E+20
 0.31289206E+23 0.22245724E+20
 0.31015130E+23 0.22042590E+20
 0.30743408E+23 0.21841307E+20
 0.30474021E+23 0.21641859E+20
 0.30206948E+23 0.21444229E+20
 0.29942171E+23 0.21248401E+20
 0.29679671E+23 0.21054358E+20
 0.29419427E+23 0.20862084E+20
 0.29161423E+23 0.20671562E+20
 0.28905638E+23 0.20482778E+20
 0.28652054E+23 0.20295715E+20
 0.28400653E+23 0.20110357E+20
 0.28151417E+23 0.19926688E+20
 0.27904326E+23 0.19744695E+20
 0.27659364E+23 0.19564361E+20
 0.27416513E+23 0.19385671E+20
 0.27175754E+23 0.19208610E+20
 0.26937070E+23 0.19033164E+20
 0.26700444E+23 0.18859317E+20
 0.26465859E+23 0.18687056E+20
 0.26233296E+23 0.18516365E+20
 0.26002741E+23 0.18347231E+20
 0.25774174E+23 0.18179640E+20
 0.25547581E+23 0.18013576E+20
 0.25322943E+23 0.17849027E+20
 0.25100245E+23 0.17685979E+20
 0.24879471E+23 0.17524417E+20
 0.24660603E+23 0.17364329E+20
 0.24443627E+23 0.17205702E+20
 0.24228526E+23 0.17048520E+20
 0.24015284E+23 0.16892773E+20
 0.23803886E+23 0.16738446E+20
 0.23594317E+23 0.16585526E+20
 0.23386559E+23 0.16434001E+20
 0.23180600E+23 0.16283859E+20
 0.22976422E+23 0.16135086E+20
 0.22774012E+23 0.15987670E+20
 0.22573354E+23 0.15841599E+20
 0.22374434E+23 0.15696860E+20
 0.22177237E+23 0.15553441E+20
 0.21981747E+23 0.15411331E+20
 0.21787952E+23 0.15270518E+20
 0.21595836E+23 0.15130988E+20
 0.21405386E+23 0.14992732E+20
 0.21216586E+23 0.14855737E+20
 0.21029424E+23 0.14719992E+20
 0.20843885E+23 0.14585486E+20
 0.20659956E+23 0.14452207E+20
 0.20477667E+23 0.14320143E+20
 0.20296916E+23 0.14189285E+20
 0.20117734E+23 0.14059621E+20
 0.19940108E+23 0.13931139E+20
 0.19764025E+23 0.13803830E+20
 0.19589470E+23 0.13677683E+20
 0.19416433E+23 0.13552687E+20
 0.19244899E+23 0.13428831E+20
 0.19074856E+23 0.13306106E+20
 0.18906291E+23 0.13184500E+20
 0.18739191E+23 0.13064005E+20
 0.18573545E+23 0.12944608E+20
 0.18409340E+23 0.12826302E+20
 0.18246563E+23 0.12709075E+20
 0.18085203E+23 0.12592918E+20
 0.17925247E+23 0.12477821E+20
 0.17766684E+23 0.12363774E+20
 0.17609501E+23 0.12250769E+20
 0.17453687E+23 0.12138795E+20
 0.17299230E+23 0.12027842E+20
 0.17146119E+23 0.11917903E+20
 0.16994342E+23 0.11808967E+20
 0.16843888E+23 0.11701025E+20
 0.16694745E+23 0.11594069E+20
 0.16546902E+23 0.11488088E+20
 0.16400349E+23 0.11383076E+20
 0.16255074E+23 0.11279021E+20
 0.16111067E+23 0.11175917E+20
 0.15968316E+23 0.11073754E+20
 0.15826810E+23 0.10972523E+20
 0.15686540E+23 0.10872217E+20
 0.15547495E+23 0.10772826E+20
 0.15409663E+23 0.10674343E+20
 0.15273035E+23 0.10576758E+20
 0.15137601E+23 0.10480065E+20
 0.15003350E+23 0.10384254E+20
 0.14870272E+23 0.10289319E+20
 0.14738357E+23 0.10195250E+20
 0.14607596E+23 0.10102039E+20
 0.14477977E+23 0.10009680E+20
 0.14349492E+23 0.99181642E+19
 0.14222131E+23 0.98274838E+19
 0.14095884E+23 0.97376315E+19
 0.13970742E+23 0.96485996E+19
 0.13846695E+23 0.95603807E+19
 0.13723732E+23 0.94729673E+19
 0.13601847E+23 0.93863521E+19
 0.13481029E+23 0.93005278E+19
 0.13361269E+23 0.92154873E+19
 0.13242558E+23 0.91312233E+19
 0.13124887E+23 0.90477289E+19
 0.13008247E+23 0.89649969E+19
 0.12892629E+23 0.88830205E+19
 0.12778025E+23 0.88017927E+19
 0.12664425E+23 0.87213067E+19
 0.12551822E+23 0.86415558E+19
 0.12440206E+23 0.85625332E+19
 0.12329568E+23 0.84842324E+19
 0.12219902E+23 0.84066467E+19
 0.12111198E+23 0.83297696E+19
 0.12003447E+23 0.82535947E+19
 0.11896643E+23 0.81781155E+19
 0.11790775E+23 0.81033257E+19
 0.11685838E+23 0.80292191E+19
 0.11581822E+23 0.79557894E+19
 0.11478720E+23 0.78830303E+19
 0.11376523E+23 0.78109359E+19
 0.11275224E+23 0.77395001E+19
 0.11174816E+23 0.76687168E+19
 0.11075289E+23 0.75985801E+19
 0.10976638E+23 0.75290840E+19
 0.10878854E+23 0.74602229E+19
 0.10781930E+23 0.73919908E+19
 0.10685859E+23 0.73243820E+19
 0.10590632E+23 0.72573908E+19
 0.10496243E+23 0.71910117E+19
 0.10402685E+23 0.71252390E+19
 0.10309950E+23 0.70600672E+19
 0.10218032E+23 0.69954908E+19
 0.10126922E+23 0.69315044E+19
 0.10036615E+23 0.68681026E+19
 0.99471034E+22 0.68052801E+19
 0.98583799E+22 0.67430316E+19
 0.97704380E+22 0.66813518E+19
 0.96832709E+22 0.66202356E+19
 0.95968718E+22 0.65596778E+19
 0.95112343E+22 0.64996733E+19
 0.94263516E+22 0.64402171E+19
 0.93422172E+22 0.63813042E+19
 0.92588247E+22 0.63229297E+19
 0.91761676E+22 0.62650885E+19
 0.90942395E+22 0.62077759E+19
 0.90130342E+22 0.61509870E+19
 0.89325453E+22 0.60947171E+19
 0.88527667E+22 0.60389613E+19
 0.87736922E+22 0.59837151E+19
 0.86953156E+22 0.59289738E+19
 0.86176310E+22 0.58747327E+19
 0.85406323E+22 0.58209873E+19
 0.84643136E+22 0.57677331E+19
 0.83886689E+22 0.57149656E+19
 0.83136924E+22 0.56626804E+19
 0.82393783E+22 0.56108730E+19
 0.81657209E+22 0.55595391E+19
 0.80927145E+22 0.55086744E+19
 0.80203533E+22 0.54582745E+19
 0.79486318E+22 0.54083353E+19
 0.78775444E+22 0.53588526E+19
 0.78070855E+22 0.53098221E+19
 0.77372499E+22 0.52612398E+19
 0.76680319E+22 0.52131016E+19
 0.75994263E+22 0.51654033E+19
 0.75314276E+22 0.51181411E+19
 0.74640307E+22 0.50713108E+19
 0.73972303E+22 0.50249087E+19
 0.73310211E+22 0.49789307E+19
 0.72653981E+22 0.49333729E+19
 0.72003561E+22 0.48882317E+19
 0.71358900E+22 0.48435031E+19
 0.70719949E+22 0.47991834E+19
 0.70086658E+22 0.47552688E+19
 0.69458977E+22 0.47117557E+19
 0.68836857E+22 0.46686404E+19
 0.68220250E+22 0.46259192E+19
 0.67609108E+22 0.45835886E+19
 0.67003383E+22 0.45416450E+19
 0.66403028E+22 0.45000849E+19
 0.65807995E+22 0.44589047E+19
 0.65218239E+22 0.44181010E+19
 0.64633714E+22 0.43776704E+19
 0.64054373E+22 0.43376094E+19
 0.63480171E+22 0.42979147E+19
 0.62911064E+22 0.42585829E+19
 0.62347006E+22 0.42196107E+19
 0.61787955E+22 0.41809949E+19
 0.61233865E+22 0.41427321E+19
 0.60684694E+22 0.41048192E+19
 0.60140399E+22 0.40672530E+19
 0.59600936E+22 0.40300303E+19
 0.59066264E+22 0.39931479E+19
 0.58536341E+22 0.39566027E+19
 0.58011125E+22 0.39203918E+19
 0.57490575E+22 0.38845119E+19
 0.56974650E+22 0.38489602E+19
 0.56463310E+22 0.38137335E+19
 0.55956514E+22 0.37788290E+19
 0.55454222E+22 0.37442436E+19
 0.54956396E+22 0.37099746E+19
 0.54462996E+22 0.36760189E+19
 0.53973983E+22 0.36423737E+19
 0.53489318E+22 0.36090362E+19
 0.53008964E+22 0.35760036E+19
 0.52532883E+22 0.35432731E+19
 0.52061037E+22 0.35108419E+19
 0.51593390E+22 0.34787073E+19
 0.51129904E+22 0.34468666E+19
 0.50670542E+22 0.34153171E+19
 0.50215269E+22 0.33840562E+19
 0.49764049E+22 0.33530811E+19
 0.49316845E+22 0.33223894E+19
 0.48873624E+22 0.32919783E+19
 0.48434349E+22 0.32618454E+19
 0.47998986E+22 0.32319881E+19
 0.47567501E+22 0.32024039E+19
 0.47139860E+22 0.31730903E+19
 0.46716029E+22 0.31440448E+19
 0.46295974E+22 0.31152649E+19
 0.45879662E+22 0.30867483E+19
 0.45467061E+22 0.30584926E+19
 0.45058137E+22 0.30304953E+19
 0.44652858E+22 0.30027540E+19
 0.44251192E+22 0.29752666E+19
 0.43853108E+22 0.29480305E+19
 0.43458574E+22 0.29210436E+19
 0.43067558E+22 0.28943036E+19
 0.42680030E+22 0.28678082E+19
 0.42295959E+22 0.28415551E+19
 0.41915314E+22 0.28155422E+19
 0.41538066E+22 0.27897672E+19
 0.41164184E+22 0.27642281E+19
 0.40793639E+22 0.27389225E+19
 0.40426400E+22 0.27138485E+19
 0.40062440E+22 0.26890038E+19
 0.39701730E+22 0.26643864E+19
 0.39344240E+22 0.26399943E+19
 0.38989942E+22 0.26158253E+19
 0.38638808E+22 0.25918773E+19
 0.38290810E+22 0.25681485E+19
 0.37945920E+22 0.25446368E+19
 0.37604112E+22 0.25213402E+19
 0.37265357E+22 0.24982567E+19
 0.36929630E+22 0.24753844E+19
 0.36596902E+22 0.24527213E+19
 0.36267148E+22 0.24302656E+19
 0.35940342E+22 0.24080154E+19
 0.35616456E+22 0.23859687E+19
 0.35295467E+22 0.23641237E+19
 0.34977347E+22 0.23424786E+19
 0.34662072E+22 0.23210316E+19
 0.34349616E+22 0.22997808E+19
 0.34039955E+22 0.22787244E+19
 0.33733064E+22 0.22578607E+19
 0.33428918E+22 0.22371879E+19
 0.33127493E+22 0.22167042E+19
 0.32828765E+22 0.21964080E+19
 0.32532711E+22 0.21762974E+19
 0.32239305E+22 0.21563709E+19
 0.31948526E+22 0.21366267E+19
 0.31660350E+22 0.21170632E+19
 0.31374753E+22 0.20976787E+19
 0.31091713E+22 0.20784716E+19
 0.30811208E+22 0.20594403E+19
 0.30533214E+22 0.20405831E+19
 0.30257710E+22 0.20218984E+19
 0.29984674E+22 0.20033847E+19
 0.29714083E+22 0.19850405E+19
 0.29445916E+22 0.19668641E+19
 0.29180152E+22 0.19488540E+19
 0.28916769E+22 0.19310088E+19
 0.28655746E+22 0.19133269E+19
 0.28397062E+22 0.18958067E+19
 0.28140697E+22 0.18784469E+19
 0.27886629E+22 0.18612460E+19
 0.27634839E+22 0.18442025E+19
 0.27385307E+22 0.18273150E+19
 0.27138011E+22 0.18105820E+19
 0.26892933E+22 0.17940021E+19
 0.26650053E+22 0.17775740E+19
 0.26409351E+22 0.17612963E+19
 0.26170808E+22 0.17451675E+19
 0.25934405E+22 0.17291863E+19
 0.25700123E+22 0.17133514E+19
 0.25467942E+22 0.16976614E+19
 0.25237845E+22 0.16821150E+19
 0.25009812E+22 0.16667109E+19
 0.24783826E+22 0.16514478E+19
 0.24559868E+22 0.16363243E+19
 0.24337920E+22 0.16213393E+19
 0.24117965E+22 0.16064915E+19
 0.23899984E+22 0.15917795E+19
 0.23683960E+22 0.15772022E+19
 0.23469876E+22 0.15627583E+19
 0.23257714E+22 0.15484466E+19
 0.23047458E+22 0.15342660E+19
 0.22839090E+22 0.15202151E+19
 0.22632594E+22 0.15062928E+19
 0.22427952E+22 0.14924980E+19
 0.22225149E+22 0.14788294E+19
 0.22024168E+22 0.14652859E+19
 0.21824993E+22 0.14518664E+19
 0.21627608E+22 0.14385698E+19
 0.21431996E+22 0.14253948E+19
 0.21238143E+22 0.14123405E+19
 0.21046032E+22 0.13994056E+19
 0.20855648E+22 0.13865891E+19
 0.20666975E+22 0.13738900E+19
 0.20479999E+22 0.13613071E+19
 0.20294704E+22 0.13488394E+19
 0.20111075E+22 0.13364858E+19
 0.19929097E+22 0.13242453E+19
 0.19748756E+22 0.13121169E+19
 0.19570037E+22 0.13000995E+19
 0.19392926E+22 0.12881921E+19
 0.19217408E+22 0.12763937E+19
 0.19043469E+22 0.12647033E+19
 0.18871094E+22 0.12531199E+19
 0.18700271E+22 0.12416425E+19
 0.18530985E+22 0.12302703E+19
 0.18363223E+22 0.12190021E+19
 0.18196970E+22 0.12078371E+19
 0.18032213E+22 0.11967743E+19
 0.17868940E+22 0.11858128E+19
 0.17707137E+22 0.11749516E+19
 0.17546790E+22 0.11641899E+19
 0.17387887E+22 0.11535267E+19
 0.17230414E+22 0.11429611E+19
 0.17074360E+22 0.11324923E+19
 0.16919711E+22 0.11221193E+19
 0.16766455E+22 0.11118412E+19
 0.16614579E+22 0.11016573E+19
 0.16464072E+22 0.10915666E+19
 0.16314920E+22 0.10815682E+19
 0.16167112E+22 0.10716614E+19
 0.16020635E+22 0.10618454E+19
 0.15875479E+22 0.10521191E+19
 0.15731630E+22 0.10424820E+19
 0.15589078E+22 0.10329331E+19
 0.15447810E+22 0.10234716E+19
 0.15307816E+22 0.10140967E+19
 0.15169083E+22 0.10048076E+19
 0.15031601E+22 0.99560365E+18
 0.14895359E+22 0.98648393E+18
 0.14760345E+22 0.97744771E+18
 0.14626548E+22 0.96849422E+18
 0.14493958E+22 0.95962272E+18
 0.14362563E+22 0.95083245E+18
 0.14232353E+22 0.94212266E+18
 0.14103317E+22 0.93349262E+18
 0.13975446E+22 0.92494160E+18
 0.13848728E+22 0.91646887E+18
 0.13723152E+22 0.90807373E+18
 0.13598710E+22 0.89975545E+18
 0.13475390E+22 0.89151335E+18
 0.13353184E+22 0.88334671E+18
 0.13232079E+22 0.87525485E+18
 0.13112068E+22 0.86723708E+18
 0.12993139E+22 0.85929274E+18
 0.12875284E+22 0.85142113E+18
 0.12758493E+22 0.84362161E+18
 0.12642756E+22 0.83589351E+18
 0.12528063E+22 0.82823617E+18
 0.12414406E+22 0.82064895E+18
 0.12301775E+22 0.81313120E+18
 0.12190161E+22 0.80568230E+18
 0.12079555E+22 0.79830161E+18
 0.11969947E+22 0.79098850E+18
 0.11861330E+22 0.78374237E+18
 0.11753693E+22 0.77656258E+18
 0.11647028E+22 0.76944855E+18
 0.11541327E+22 0.76239966E+18
 0.11436580E+22 0.75541532E+18
 0.11332780E+22 0.74849494E+18
 0.11229917E+22 0.74163794E+18
 0.11127984E+22 0.73484372E+18
 0.11026971E+22 0.72811173E+18
 0.10926872E+22 0.72144139E+18
 0.10827676E+22 0.71483213E+18
 0.10729378E+22 0.70828340E+18
 0.10631967E+22 0.70179464E+18
 0.10535437E+22 0.69536530E+18
 0.10439779E+22 0.68899484E+18
 0.10344986E+22 0.68268273E+18
 0.10251050E+22 0.67642841E+18
 0.10157963E+22 0.67023138E+18
 0.10065718E+22 0.66409110E+18
 0.99743064E+21 0.65800706E+18
 0.98837215E+21 0.65197873E+18
 0.97939557E+21 0.64600561E+18
 0.97050016E+21 0.64008719E+18
 0.96168519E+21 0.63422298E+18
 0.95294994E+21 0.62841248E+18
 0.94429370E+21 0.62265519E+18
 0.93571575E+21 0.61695062E+18
 0.92721539E+21 0.61129831E+18
 0.91879192E+21 0.60569776E+18
 0.91044466E+21 0.60014850E+18
 0.90217291E+21 0.59465007E+18
 0.89397599E+21 0.58920199E+18
 0.88585325E+21 0.58380381E+18
 0.87780400E+21 0.57845508E+18
 0.86982759E+21 0.57315533E+18
 0.86192336E+21 0.56790412E+18
 0.85409066E+21 0.56270101E+18
 0.84632885E+21 0.55754555E+18
 0.83863729E+21 0.55243731E+18
 0.83101536E+21 0.54737585E+18
 0.82346241E+21 0.54236076E+18
 0.81597784E+21 0.53739160E+18
 0.80856103E+21 0.53246795E+18
 0.80121136E+21 0.52758940E+18
 0.79392824E+21 0.52275553E+18
 0.78671106E+21 0.51796593E+18
 0.77955923E+21 0.51322021E+18
 0.77247217E+21 0.50851795E+18
 0.76544928E+21 0.50385877E+18
 0.75848999E+21 0.49924226E+18
 0.75159374E+21 0.49466803E+18
 0.74475994E+21 0.49013570E+18
 0.73798805E+21 0.48564489E+18
 0.73127749E+21 0.48119521E+18
 0.72462773E+21 0.47678628E+18
 0.71803820E+21 0.47241775E+18
 0.71150838E+21 0.46808922E+18
 0.70503771E+21 0.46380035E+18
 0.69862567E+21 0.45955075E+18
 0.69227174E+21 0.45534009E+18
 0.68597537E+21 0.45116799E+18
 0.67973607E+21 0.44703411E+18
 0.67355331E+21 0.44293810E+18
 0.66742658E+21 0.43887960E+18
 0.66135538E+21 0.43485828E+18
 0.65533920E+21 0.43087380E+18
 0.64937756E+21 0.42692581E+18
 0.64346996E+21 0.42301399E+18
 0.63761591E+21 0.41913800E+18
 0.63181492E+21 0.41529752E+18
 0.62606653E+21 0.41149221E+18
 0.62037026E+21 0.40772177E+18
 0.61472564E+21 0.40398586E+18
 0.60913219E+21 0.40028417E+18
 0.60358946E+21 0.39661640E+18
 0.59809700E+21 0.39298222E+18
 0.59265434E+21 0.38938133E+18
 0.58726104E+21 0.38581343E+18
 0.58191666E+21 0.38227821E+18
 0.57662075E+21 0.37877537E+18
 0.57137287E+21 0.37530463E+18
 0.56617259E+21 0.37186567E+18
 0.56101949E+21 0.36845822E+18
 0.55591313E+21 0.36508199E+18
 0.55085309E+21 0.36173668E+18
 0.54583896E+21 0.35842202E+18
 0.54087032E+21 0.35513773E+18
 0.53594677E+21 0.35188352E+18
 0.53106788E+21 0.34865912E+18
 0.52623327E+21 0.34546426E+18
 0.52144252E+21 0.34229867E+18
 0.51669525E+21 0.33916208E+18
 0.51199106E+21 0.33605422E+18
 0.50732956E+21 0.33297483E+18
 0.50271037E+21 0.32992366E+18
 0.49813311E+21 0.32690043E+18
 0.49359739E+21 0.32390490E+18
 0.48910284E+21 0.32093682E+18
 0.48464909E+21 0.31799592E+18
 0.48023577E+21 0.31508197E+18
 0.47586251E+21 0.31219471E+18
 0.47152896E+21 0.30933391E+18
 0.46723475E+21 0.30649931E+18
 0.46297952E+21 0.30369068E+18
 0.45876294E+21 0.30090778E+18
 0.45458464E+21 0.29815038E+18
 0.45044428E+21 0.29541824E+18
 0.44634152E+21 0.29271113E+18
 0.44227601E+21 0.29002882E+18
 0.43824743E+21 0.28737109E+18
 0.43425543E+21 0.28473770E+18
 0.43029969E+21 0.28212844E+18
 0.42637988E+21 0.27954308E+18
 0.42249567E+21 0.27698141E+18
 0.41864674E+21 0.27444321E+18
 0.41483278E+21 0.27192827E+18
 0.41105346E+21 0.26943636E+18
 0.40730847E+21 0.26696729E+18
 0.40359750E+21 0.26452083E+18
 0.39992025E+21 0.26209679E+18
 0.39627641E+21 0.25969496E+18
 0.39266568E+21 0.25731513E+18
 0.38908775E+21 0.25495711E+18
 0.38554234E+21 0.25262069E+18
 0.38202914E+21 0.25030568E+18
 0.37854787E+21 0.24801188E+18
 0.37509823E+21 0.24573909E+18
 0.37167994E+21 0.24348713E+18
 0.36829272E+21 0.24125580E+18
 0.36493628E+21 0.23904491E+18
 0.36161035E+21 0.23685428E+18
 0.35831465E+21 0.23468372E+18
 0.35504890E+21 0.23253305E+18
 0.35181284E+21 0.23040208E+18
 0.34860620E+21 0.22829064E+18
 0.34542871E+21 0.22619854E+18
 0.34228010E+21 0.22412561E+18
 0.33916012E+21 0.22207168E+18
 0.33606850E+21 0.22003656E+18
 0.33300499E+21 0.21802009E+18
 0.32996934E+21 0.21602209E+18
 0.32696128E+21 0.21404240E+18
 0.32398058E+21 0.21208085E+18
 0.32102698E+21 0.21013727E+18
 0.31810024E+21 0.20821150E+18
 0.31520012E+21 0.20630338E+18
 0.31232636E+21 0.20441274E+18
 0.30947875E+21 0.20253942E+18
 0.30665703E+21 0.20068326E+18
 0.30386097E+21 0.19884412E+18
 0.30109035E+21 0.19702182E+18
 0.29834492E+21 0.19521622E+18
 0.29562447E+21 0.19342717E+18
 0.29292876E+21 0.19165451E+18
 0.29025757E+21 0.18989809E+18
 0.28761068E+21 0.18815776E+18
 0.28498788E+21 0.18643338E+18
 0.28238893E+21 0.18472480E+18
 0.27981362E+21 0.18303188E+18
 0.27726175E+21 0.18135447E+18
 0.27473309E+21 0.17969242E+18
 0.27222744E+21 0.17804561E+18
 0.26974459E+21 0.17641389E+18
 0.26728433E+21 0.17479711E+18
 0.26484646E+21 0.17319516E+18
 0.26243077E+21 0.17160788E+18
 0.26003706E+21 0.17003514E+18
 0.25766513E+21 0.16847682E+18
 0.25531480E+21 0.16693278E+18
 0.25298585E+21 0.16540288E+18
 0.25067809E+21 0.16388700E+18
 0.24839135E+21 0.16238501E+18
 0.24612541E+21 0.16089679E+18
 0.24388010E+21 0.15942220E+18
 0.24165522E+21 0.15796113E+18
 0.23945060E+21 0.15651344E+18
 0.23726605E+21 0.15507902E+18
 0.23510138E+21 0.15365774E+18
 0.23295642E+21 0.15224948E+18
 0.23083098E+21 0.15085413E+18
 0.22872489E+21 0.14947157E+18
 0.22663798E+21 0.14810167E+18
 0.22457007E+21 0.14674433E+18
 0.22252098E+21 0.14539943E+18
 0.22049055E+21 0.14406684E+18
 0.21847861E+21 0.14274647E+18
 0.21648499E+21 0.14143820E+18
 0.21450952E+21 0.14014192E+18
 0.21255204E+21 0.13885752E+18
 0.21061239E+21 0.13758488E+18
 0.20869040E+21 0.13632391E+18
 0.20678591E+21 0.13507449E+18
 0.20489876E+21 0.13383653E+18
 0.20302881E+21 0.13260990E+18
 0.20117588E+21 0.13139452E+18
 0.19933983E+21 0.13019027E+18
 0.19752050E+21 0.12899706E+18
 0.19571774E+21 0.12781478E+18
 0.19393140E+21 0.12664334E+18
 0.19216134E+21 0.12548263E+18
 0.19040739E+21 0.12433256E+18
 0.18866943E+21 0.12319303E+18
 0.18694729E+21 0.12206394E+18
 0.18524085E+21 0.12094520E+18
 0.18354995E+21 0.11983670E+18
 0.18187445E+21 0.11873837E+18
 0.18021422E+21 0.11765010E+18
 0.17856911E+21 0.11657181E+18
 0.17693899E+21 0.11550339E+18
 0.17532372E+21 0.11444477E+18
 0.17372318E+21 0.11339585E+18
 0.17213721E+21 0.11235654E+18
 0.17056569E+21 0.11132675E+18
 0.16900850E+21 0.11030640E+18
 0.16746549E+21 0.10929540E+18
 0.16593655E+21 0.10829367E+18
 0.16442153E+21 0.10730112E+18
 0.16292033E+21 0.10631766E+18
 0.16143280E+21 0.10534321E+18
 0.15995883E+21 0.10437770E+18
 0.15849830E+21 0.10342103E+18
 0.15705107E+21 0.10247313E+18
 0.15561703E+21 0.10153392E+18
 0.15419607E+21 0.10060331E+18
 0.15278806E+21 0.99681233E+17
 0.15139287E+21 0.98767605E+17
 0.15001041E+21 0.97862350E+17
 0.14864055E+21 0.96965391E+17
 0.14728317E+21 0.96076651E+17
 0.14593817E+21 0.95196057E+17
 0.14460543E+21 0.94323532E+17
 0.14328484E+21 0.93459003E+17
 0.14197628E+21 0.92602398E+17
 0.14067966E+21 0.91753642E+17
 0.13939486E+21 0.90912665E+17
 0.13812177E+21 0.90079395E+17
 0.13686028E+21 0.89253761E+17
 0.13561030E+21 0.88435694E+17
 0.13437172E+21 0.87625124E+17
 0.13314443E+21 0.86821982E+17
 0.13192832E+21 0.86026200E+17
 0.13072331E+21 0.85237712E+17
 0.12952928E+21 0.84456450E+17
 0.12834615E+21 0.83682347E+17
 0.12717380E+21 0.82915339E+17
 0.12601214E+21 0.82155360E+17
 0.12486107E+21 0.81402346E+17
 0.12372051E+21 0.80656233E+17
 0.12259034E+21 0.79916958E+17
 0.12147048E+21 0.79184458E+17
 0.12036083E+21 0.78458671E+17
 0.11926130E+21 0.77739536E+17
 0.11817180E+21 0.77026991E+17
 0.11709224E+21 0.76320977E+17
 0.11602253E+21 0.75621433E+17
 0.11496257E+21 0.74928300E+17
 0.11391228E+21 0.74241519E+17
 0.11287156E+21 0.73561033E+17
 0.11184035E+21 0.72886783E+17
 0.11081853E+21 0.72218712E+17
 0.10980604E+21 0.71556764E+17
 0.10880279E+21 0.70900883E+17
 0.10780868E+21 0.70251013E+17
 0.10682365E+21 0.69607099E+17
 0.10584760E+21 0.68969086E+17
 0.10488045E+21 0.68336920E+17
 0.10392213E+21 0.67710548E+17
 0.10297255E+21 0.67089917E+17
 0.10203164E+21 0.66474974E+17
 0.10109931E+21 0.65865667E+17
 0.10017548E+21 0.65261944E+17
 0.99260086E+20 0.64663754E+17
 0.98353043E+20 0.64071046E+17
 0.97454275E+20 0.63483771E+17
 0.96563708E+20 0.62901878E+17
 0.95681267E+20 0.62325318E+17
 0.94806878E+20 0.61754042E+17
 0.93940468E+20 0.61188002E+17
 0.93081964E+20 0.60627149E+17
 0.92231294E+20 0.60071437E+17
 0.91388387E+20 0.59520818E+17
 0.90553172E+20 0.58975246E+17
 0.89725579E+20 0.58434674E+17
 0.88905539E+20 0.57899056E+17
 0.88092982E+20 0.57368347E+17
 0.87287841E+20 0.56842502E+17
 0.86490048E+20 0.56321477E+17
 0.85699537E+20 0.55805227E+17
 0.84916240E+20 0.55293708E+17
 0.84140092E+20 0.54786878E+17
 0.83371029E+20 0.54284693E+17
 0.82608985E+20 0.53787110E+17
 0.81853897E+20 0.53294088E+17
 0.81105700E+20 0.52805585E+17
 0.80364334E+20 0.52321559E+17
 0.79629734E+20 0.51841969E+17
 0.78901840E+20 0.51366774E+17
 0.78180590E+20 0.50895935E+17
 0.77465925E+20 0.50429412E+17
 0.76757783E+20 0.49967164E+17
 0.76056106E+20 0.49509153E+17
 0.75360834E+20 0.49055339E+17
 0.74671910E+20 0.48605685E+17
 0.73989275E+20 0.48160153E+17
 0.73312872E+20 0.47718703E+17
 0.72642645E+20 0.47281300E+17
 0.71978536E+20 0.46847906E+17
 0.71320491E+20 0.46418484E+17
 0.70668454E+20 0.45992998E+17
 0.70022370E+20 0.45571411E+17
 0.69382185E+20 0.45153689E+17
 0.68747845E+20 0.44739795E+17
 0.68119298E+20 0.44329695E+17
 0.67496489E+20 0.43923354E+17
 0.66879368E+20 0.43520737E+17
 0.66267881E+20 0.43121810E+17
 0.65661978E+20 0.42726539E+17
 0.65061608E+20 0.42334892E+17
 0.64466721E+20 0.41946834E+17
 0.63877265E+20 0.41562332E+17
 0.63293193E+20 0.41181355E+17
 0.62714455E+20 0.40803870E+17
 0.62141001E+20 0.40429845E+17
 0.61572785E+20 0.40059248E+17
 0.61009758E+20 0.39692047E+17
 0.60451873E+20 0.39328212E+17
 0.59899083E+20 0.38967712E+17
 0.59351342E+20 0.38610517E+17
 0.58808603E+20 0.38256595E+17
 0.58270821E+20 0.37905917E+17
 0.57737951E+20 0.37558453E+17
 0.57209949E+20 0.37214174E+17
 0.56686768E+20 0.36873051E+17
 0.56168367E+20 0.36535054E+17
 0.55654700E+20 0.36200155E+17
 0.55145726E+20 0.35868326E+17
 0.54641400E+20 0.35539538E+17
 0.54141682E+20 0.35213764E+17
 0.53646528E+20 0.34890976E+17
 0.53155897E+20 0.34571147E+17
 0.52669748E+20 0.34254249E+17
 0.52188040E+20 0.33940255E+17
 0.51710732E+20 0.33629140E+17
 0.51237785E+20 0.33320876E+17
 0.50769159E+20 0.33015438E+17
 0.50304813E+20 0.32712799E+17
 0.49844710E+20 0.32412934E+17
 0.49388810E+20 0.32115818E+17
 0.48937075E+20 0.31821425E+17
 0.48489468E+20 0.31529730E+17
 0.48045950E+20 0.31240709E+17
 0.47606484E+20 0.30954338E+17
 0.47171033E+20 0.30670591E+17
 0.46739561E+20 0.30389445E+17
 0.46312031E+20 0.30110875E+17
 0.45888407E+20 0.29834860E+17
 0.45468654E+20 0.29561374E+17
 0.45052736E+20 0.29290395E+17
 0.44640619E+20 0.29021899E+17
 0.44232268E+20 0.28755865E+17
 0.43827648E+20 0.28492269E+17
 0.43426725E+20 0.28231090E+17
 0.43029466E+20 0.27972304E+17
 0.42635837E+20 0.27715890E+17
 0.42245805E+20 0.27461827E+17
