# ea sdbest       trunk (rev 287)                                             
 0.17615337E+14
 0.17709162E+14
 0.17803705E+14
 0.17898965E+14
 0.17994931E+14
 0.18091586E+14
 0.18188930E+14
 0.18286921E+14
 0.18385671E+14
 0.18485183E+14
 0.18585471E+14
 0.18686542E+14
 0.18788404E+14
 0.18891057E+14
 0.18994450E+14
 0.19098629E+14
 0.19203642E+14
 0.19309499E+14
 0.19416226E+14
 0.19523817E+14
 0.19632274E+14
 0.19741573E+14
 0.19851702E+14
 0.19962698E+14
 0.20074569E+14
 0.20187323E+14
 0.20300970E+14
 0.20415497E+14
 0.20530898E+14
 0.20647155E+14
 0.20764257E+14
 0.20882217E+14
 0.21001051E+14
 0.21120791E+14
 0.21241475E+14
 0.21363102E+14
 0.21485674E+14
 0.21609054E+14
 0.21733363E+14
 0.21858538E+14
 0.21984680E+14
 0.22111786E+14
 0.22239878E+14
 0.22368983E+14
 0.22499109E+14
 0.22630183E+14
 0.22762258E+14
 0.22895350E+14
 0.23029447E+14
 0.23164541E+14
 0.23300667E+14
 0.23437832E+14
 0.23576043E+14
 0.23715362E+14
 0.23855847E+14
 0.23997492E+14
 0.24140288E+14
 0.24284211E+14
 0.24429251E+14
 0.24575448E+14
 0.24722779E+14
 0.24871250E+14
 0.25020874E+14
 0.25171645E+14
 0.25323612E+14
 0.25476797E+14
 0.25631204E+14
 0.25786848E+14
 0.25943742E+14
 0.26101900E+14
 0.26261284E+14
 0.26421742E+14
 0.26583514E+14
 0.26746594E+14
 0.26911053E+14
 0.27076938E+14
 0.27244179E+14
 0.27412813E+14
 0.27582808E+14
 0.27754123E+14
 0.27926785E+14
 0.28100793E+14
 0.28276165E+14
 0.28452928E+14
 0.28631193E+14
 0.28810883E+14
 0.28992004E+14
 0.29174587E+14
 0.29358692E+14
 0.29544369E+14
 0.29731618E+14
 0.29920424E+14
 0.30110786E+14
 0.30302674E+14
 0.30496111E+14
 0.30691138E+14
 0.30887873E+14
 0.31086351E+14
 0.31286665E+14
 0.31488810E+14
 0.31692797E+14
 0.31898647E+14
 0.32106294E+14
 0.32315699E+14
 0.32526899E+14
 0.32739925E+14
 0.32954971E+14
 0.33171914E+14
 0.33390879E+14
 0.33611930E+14
 0.33835061E+14
 0.34060282E+14
 0.34287617E+14
 0.34517099E+14
 0.34748735E+14
 0.34982540E+14
 0.35218521E+14
 0.35456661E+14
 0.35696944E+14
 0.35939229E+14
 0.36183837E+14
 0.36430646E+14
 0.36679867E+14
 0.36931674E+14
 0.37186008E+14
 0.37442774E+14
 0.37702077E+14
 0.37963860E+14
 0.38228236E+14
 0.38495263E+14
 0.38764938E+14
 0.39037273E+14
 0.39312245E+14
 0.39589779E+14
 0.39869896E+14
 0.40152561E+14
 0.40437821E+14
 0.40725955E+14
 0.41017139E+14
 0.41311217E+14
 0.41608132E+14
 0.41907761E+14
 0.42210204E+14
 0.42515524E+14
 0.42823783E+14
 0.43134995E+14
 0.43449140E+14
 0.43766271E+14
 0.44086412E+14
 0.44409592E+14
 0.44735789E+14
 0.45065101E+14
 0.45397628E+14
 0.45733824E+14
 0.46073909E+14
 0.46417436E+14
 0.46763936E+14
 0.47113796E+14
 0.47467117E+14
 0.47823794E+14
 0.48184014E+14
 0.48547820E+14
 0.48915397E+14
 0.49286865E+14
 0.49662163E+14
 0.50041407E+14
 0.50424486E+14
 0.50811511E+14
 0.51202400E+14
 0.51597046E+14
 0.51995549E+14
 0.52398222E+14
 0.52805278E+14
 0.53216634E+14
 0.53632254E+14
 0.54052168E+14
 0.54476403E+14
 0.54905087E+14
 0.55338377E+14
 0.55776017E+14
 0.56218047E+14
 0.56664416E+14
 0.57115266E+14
 0.57570664E+14
 0.58030839E+14
 0.58495697E+14
 0.58964922E+14
 0.59438892E+14
 0.59917966E+14
 0.60402101E+14
 0.60891242E+14
 0.61385350E+14
 0.61883992E+14
 0.62386868E+14
 0.62894298E+14
 0.63408026E+14
 0.63927742E+14
 0.64453090E+14
 0.64983935E+14
 0.65520390E+14
 0.66062390E+14
 0.66610062E+14
 0.67163310E+14
 0.67722042E+14
 0.68286751E+14
 0.68857424E+14
 0.69434175E+14
 0.70016961E+14
 0.70606471E+14
 0.71202443E+14
 0.71805130E+14
 0.72414716E+14
 0.73031150E+14
 0.73655377E+14
 0.74286830E+14
 0.74925280E+14
 0.75571193E+14
 0.76223928E+14
 0.76883712E+14
 0.77551092E+14
 0.78226360E+14
 0.78909327E+14
 0.79599978E+14
 0.80298409E+14
 0.81004886E+14
 0.81719981E+14
 0.82443936E+14
 0.83176346E+14
 0.83916919E+14
 0.84665264E+14
 0.85421496E+14
 0.86186102E+14
 0.86959440E+14
 0.87741428E+14
 0.88531975E+14
 0.89331591E+14
 0.90140478E+14
 0.90958917E+14
 0.91786224E+14
 0.92622750E+14
 0.93468717E+14
 0.94324529E+14
 0.95190400E+14
 0.96065730E+14
 0.96950660E+14
 0.97845357E+14
 0.98750238E+14
 0.99665824E+14
 0.10059141E+15
 0.10153230E+15
 0.10248787E+15
 0.10345319E+15
 0.10442253E+15
 0.10540332E+15
 0.10639619E+15
 0.10740059E+15
 0.10841597E+15
 0.10944205E+15
 0.11047994E+15
 0.11153111E+15
 0.11259534E+15
 0.11367326E+15
 0.11476344E+15
 0.11586325E+15
 0.11697424E+15
 0.11809775E+15
 0.11923580E+15
 0.12038832E+15
 0.12155374E+15
 0.12273150E+15
 0.12392336E+15
 0.12512875E+15
 0.12634865E+15
 0.12758234E+15
 0.12882894E+15
 0.13008970E+15
 0.13136524E+15
 0.13265489E+15
 0.13395941E+15
 0.13528110E+15
 0.13661813E+15
 0.13797019E+15
 0.13933735E+15
 0.14072102E+15
 0.14212057E+15
 0.14353544E+15
 0.14496815E+15
 0.14641821E+15
 0.14788277E+15
 0.14936247E+15
 0.15085896E+15
 0.15237242E+15
 0.15390323E+15
 0.15545582E+15
 0.15702707E+15
 0.15861506E+15
 0.16022292E+15
 0.16185179E+15
 0.16350093E+15
 0.16516953E+15
 0.16685424E+15
 0.16855313E+15
 0.17027414E+15
 0.17202273E+15
 0.17379109E+15
 0.17557769E+15
 0.17738363E+15
 0.17921161E+15
 0.18106338E+15
 0.18294163E+15
 0.18484465E+15
 0.18677065E+15
 0.18872024E+15
 0.19069393E+15
 0.19269141E+15
 0.19471180E+15
 0.19675450E+15
 0.19882223E+15
 0.20091314E+15
 0.20303030E+15
 0.20517678E+15
 0.20735176E+15
 0.20955579E+15
 0.21178958E+15
 0.21405239E+15
 0.21634459E+15
 0.21866692E+15
 0.22101961E+15
 0.22340037E+15
 0.22581270E+15
 0.22825928E+15
 0.23073939E+15
 0.23325393E+15
 0.23580378E+15
 0.23839910E+15
 0.24102802E+15
 0.24367990E+15
 0.24637148E+15
 0.24910434E+15
 0.25187062E+15
 0.25466699E+15
 0.25750639E+15
 0.26038760E+15
 0.26331635E+15
 0.26628406E+15
 0.26928819E+15
 0.27233164E+15
 0.27541848E+15
 0.27855094E+15
 0.28173008E+15
 0.28495497E+15
 0.28822191E+15
 0.29153153E+15
 0.29488487E+15
 0.29828629E+15
 0.30173634E+15
 0.30523451E+15
 0.30878461E+15
 0.31238979E+15
 0.31605038E+15
 0.31976857E+15
 0.32354322E+15
 0.32737453E+15
 0.33126433E+15
 0.33521319E+15
 0.33921650E+15
 0.34327816E+15
 0.34740045E+15
 0.35158520E+15
 0.35583240E+15
 0.36014180E+15
 0.36451688E+15
 0.36894671E+15
 0.37343949E+15
 0.37800143E+15
 0.38263076E+15
 0.38733782E+15
 0.39211228E+15
 0.39696672E+15
 0.40190084E+15
 0.40691150E+15
 0.41200413E+15
 0.41717969E+15
 0.42243403E+15
 0.42776084E+15
 0.43316261E+15
 0.43864710E+15
 0.44422375E+15
 0.44989446E+15
 0.45565563E+15
 0.46151128E+15
 0.46747367E+15
 0.47353178E+15
 0.47968971E+15
 0.48594280E+15
 0.49228473E+15
 0.49872330E+15
 0.50525855E+15
 0.51189028E+15
 0.51861753E+15
 0.52545125E+15
 0.53239728E+15
 0.53945600E+15
 0.54663830E+15
 0.55394597E+15
 0.56138292E+15
 0.56895458E+15
 0.57665938E+15
 0.58448655E+15
 0.59245289E+15
 0.60054901E+15
 0.60879702E+15
 0.61721031E+15
 0.62576317E+15
 0.63444679E+15
 0.64322428E+15
 0.65215406E+15
 0.66124832E+15
 0.67050945E+15
 0.67993858E+15
 0.68953961E+15
 0.69930903E+15
 0.70924604E+15
 0.71937383E+15
 0.72970608E+15
 0.74023152E+15
 0.75094286E+15
 0.76184811E+15
 0.77297019E+15
 0.78431836E+15
 0.79589070E+15
 0.80770091E+15
 0.81973178E+15
 0.83197971E+15
 0.84443649E+15
 0.85711617E+15
 0.87002880E+15
 0.88318601E+15
 0.89664747E+15
 0.91036076E+15
 0.92434065E+15
 0.93859220E+15
 0.95312609E+15
 0.96795215E+15
 0.98311720E+15
 0.99858886E+15
 0.10143676E+16
 0.10304688E+16
 0.10469164E+16
 0.10636908E+16
 0.10807724E+16
 0.10982120E+16
 0.11160848E+16
 0.11343476E+16
 0.11530129E+16
 0.11720909E+16
 0.11915984E+16
 0.12116156E+16
 0.12321396E+16
 0.12531527E+16
 0.12746430E+16
 0.12965515E+16
 0.13188871E+16
 0.13417473E+16
 0.13651417E+16
 0.13890821E+16
 0.14135433E+16
 0.14385250E+16
 0.14641269E+16
 0.14903752E+16
 0.15172917E+16
 0.15448897E+16
 0.15731737E+16
 0.16022162E+16
 0.16320460E+16
 0.16625647E+16
 0.16938447E+16
 0.17259313E+16
 0.17589068E+16
 0.17928087E+16
 0.18275959E+16
 0.18633051E+16
 0.19000008E+16
 0.19378805E+16
 0.19769385E+16
 0.20171670E+16
 0.20583799E+16
 0.21008053E+16
 0.21446548E+16
 0.21899925E+16
 0.22365826E+16
 0.22845876E+16
 0.23341463E+16
 0.23852981E+16
 0.24380752E+16
 0.24925853E+16
 0.25488958E+16
 0.26071228E+16
 0.26675118E+16
 0.27297895E+16
 0.27941317E+16
 0.28607670E+16
 0.29297839E+16
 0.30011612E+16
 0.30754061E+16
 0.31522584E+16
 0.32317895E+16
 0.33143291E+16
 0.34001535E+16
 0.34892931E+16
 0.35817765E+16
 0.36777851E+16
 0.37775692E+16
 0.38811149E+16
 0.39886018E+16
 0.41008999E+16
 0.42181580E+16
 0.43403161E+16
 0.44676082E+16
 0.46002759E+16
 0.47389535E+16
 0.48841930E+16
 0.50360042E+16
 0.51948035E+16
 0.53609635E+16
 0.55347600E+16
 0.57165378E+16
 0.59065105E+16
 0.61050442E+16
 0.63131420E+16
 0.65314102E+16
 0.67605630E+16
 0.70008447E+16
 0.72530357E+16
 0.75184957E+16
 0.77983696E+16
 0.80935402E+16
 0.84052152E+16
 0.87346053E+16
 0.90832728E+16
 0.94517935E+16
 0.98421059E+16
 0.10255938E+17
 0.10696154E+17
 0.11162709E+17
 0.11658820E+17
 0.12188291E+17
 0.12753425E+17
 0.13357650E+17
 0.14004183E+17
 0.14695577E+17
 0.15437001E+17
 0.16238233E+17
 0.17100114E+17
 0.18027816E+17
 0.19030801E+17
 0.20116459E+17
 0.21293924E+17
 0.22572316E+17
 0.23959839E+17
 0.25477339E+17
 0.27135046E+17
 0.28953367E+17
 0.30950758E+17
 0.33150555E+17
 0.35576642E+17
 0.38258995E+17
 0.41226766E+17
 0.44516757E+17
 0.48169704E+17
 0.52224049E+17
 0.56732589E+17
 0.61721844E+17
 0.67224867E+17
 0.73256669E+17
 0.79823432E+17
 0.86882440E+17
 0.94323905E+17
 0.10196750E+18
 0.10957348E+18
 0.11686753E+18
 0.12355028E+18
 0.12946467E+18
 0.13453172E+18
 0.13874106E+18
 0.14208328E+18
 0.14456793E+18
 0.14619520E+18
 0.14696397E+18
 0.14688019E+18
 0.14594996E+18
 0.14417819E+18
 0.14154794E+18
 0.13805910E+18
 0.13374434E+18
 0.12857798E+18
 0.12261047E+18
 0.11591827E+18
 0.10871335E+18
 0.10128206E+18
 0.93899853E+17
 0.86786639E+17
 0.80104122E+17
 0.73937555E+17
 0.68323036E+17
 0.63237023E+17
 0.58666383E+17
 0.54576179E+17
 0.50936212E+17
 0.47693509E+17
 0.44811092E+17
 0.42250372E+17
 0.39973947E+17
 0.37954723E+17
 0.36164502E+17
 0.34579898E+17
 0.33179804E+17
 0.31946384E+17
 0.30861907E+17
 0.29917333E+17
 0.29091920E+17
 0.28380375E+17
 0.27775125E+17
 0.27269229E+17
 0.26855885E+17
 0.26526557E+17
 0.26282846E+17
 0.26120578E+17
 0.26032366E+17
 0.26016664E+17
 0.26073943E+17
 0.26203404E+17
 0.26402270E+17
 0.26672076E+17
 0.27012913E+17
 0.27426051E+17
 0.27915628E+17
 0.28483846E+17
 0.29131690E+17
 0.29862949E+17
 0.30688442E+17
 0.31609482E+17
 0.32630011E+17
 0.33761306E+17
 0.35011286E+17
 0.36389348E+17
 0.37905568E+17
 0.39569002E+17
 0.41403248E+17
 0.43420169E+17
 0.45642640E+17
 0.48091598E+17
 0.50793528E+17
 0.53775191E+17
 0.57069012E+17
 0.60707755E+17
 0.64730360E+17
 0.69178660E+17
 0.74092891E+17
 0.79528631E+17
 0.85513250E+17
 0.92077891E+17
 0.99238600E+17
 0.10700277E+18
 0.11532655E+18
 0.12409358E+18
 0.13311291E+18
 0.14213588E+18
 0.15087253E+18
 0.15902101E+18
 0.16642001E+18
 0.17299783E+18
 0.17874656E+18
 0.18367476E+18
 0.18779915E+18
 0.19112268E+18
 0.19366755E+18
 0.19543924E+18
 0.19652113E+18
 0.19687854E+18
 0.19653755E+18
 0.19553088E+18
 0.19391733E+18
 0.19169977E+18
 0.18896821E+18
 0.18582979E+18
 0.18253124E+18
 0.17941058E+18
 0.17681218E+18
 0.17502730E+18
 0.17428071E+18
 0.17471179E+18
 0.17638590E+18
 0.17930966E+18
 0.18347736E+18
 0.18882987E+18
 0.19533184E+18
 0.20285496E+18
 0.21123199E+18
 0.22016464E+18
 0.22931447E+18
 0.23824630E+18
 0.22661634E+18
 0.25384558E+18
 0.26003511E+18
 0.26501739E+18
 0.26880202E+18
 0.27132802E+18
 0.27262927E+18
 0.27265476E+18
 0.27145707E+18
 0.26905235E+18
 0.26539699E+18
 0.26056663E+18
 0.25460028E+18
 0.24750503E+18
 0.23932132E+18
 0.23005819E+18
 0.21978581E+18
 0.20864909E+18
 0.19699696E+18
 0.18521007E+18
 0.17365943E+18
 0.16262248E+18
 0.15232788E+18
 0.14286763E+18
 0.13424171E+18
 0.12645879E+18
 0.11945470E+18
 0.11317293E+18
 0.10753128E+18
 0.10245339E+18
 0.97881413E+17
 0.93754112E+17
 0.90014214E+17
 0.86616435E+17
 0.83526542E+17
 0.80709678E+17
 0.78130855E+17
 0.75794252E+17
 0.73580171E+17
 0.71566128E+17
 0.69698903E+17
 0.67957838E+17
 0.66334109E+17
 0.64814155E+17
 0.63384130E+17
 0.62034339E+17
 0.60766881E+17
 0.59572975E+17
 0.58460047E+17
 0.57448274E+17
 0.56538911E+17
 0.55749743E+17
 0.55087724E+17
 0.54562931E+17
 0.54180478E+17
 0.53934565E+17
 0.53828834E+17
 0.53865532E+17
 0.54045006E+17
 0.54367753E+17
 0.54837557E+17
 0.55458053E+17
 0.56230725E+17
 0.57161979E+17
 0.58258316E+17
 0.59524010E+17
 0.60969947E+17
 0.62609752E+17
 0.64451963E+17
 0.66500093E+17
 0.68757410E+17
 0.71226863E+17
 0.73905005E+17
 0.76775417E+17
 0.79797804E+17
 0.82910438E+17
 0.86039921E+17
 0.89132762E+17
 0.92104042E+17
 0.94932906E+17
 0.97605507E+17
 0.10011830E+18
 0.10247467E+18
 0.10468517E+18
 0.10675903E+18
 0.10868299E+18
 0.11047848E+18
 0.11213533E+18
 0.11367830E+18
 0.11508981E+18
 0.11638614E+18
 0.11758121E+18
 0.11866913E+18
 0.11966154E+18
 0.12058338E+18
 0.12150826E+18
 0.12250141E+18
 0.12363784E+18
 0.12499873E+18
 0.12664156E+18
 0.12861189E+18
 0.13093836E+18
 0.13362340E+18
 0.13668586E+18
 0.14013568E+18
 0.14398853E+18
 0.14824906E+18
 0.15292424E+18
 0.15802785E+18
 0.16357381E+18
 0.16957912E+18
 0.17606446E+18
 0.18305759E+18
 0.19058034E+18
 0.19867346E+18
 0.20737736E+18
 0.21672395E+18
 0.22676296E+18
 0.23754715E+18
 0.24914069E+18
 0.26160058E+18
 0.27500295E+18
 0.28942975E+18
 0.30496192E+18
 0.32170610E+18
 0.33975836E+18
 0.35923618E+18
 0.38027286E+18
 0.40300136E+18
 0.42755533E+18
 0.45411194E+18
 0.48282046E+18
 0.51386779E+18
 0.54745627E+18
 0.58379934E+18
 0.62312168E+18
 0.66566425E+18
 0.71168358E+18
 0.76139048E+18
 0.81496468E+18
 0.87251033E+18
 0.93402889E+18
 0.99929525E+18
 0.10679741E+19
 0.11393055E+19
 0.12122939E+19
 0.12855605E+19
 0.13574393E+19
 0.14262384E+19
 0.14903674E+19
 0.15487778E+19
 0.16008844E+19
 0.16465049E+19
 0.16856758E+19
 0.17183681E+19
 0.17446248E+19
 0.17645302E+19
 0.17779381E+19
 0.17848903E+19
 0.17853241E+19
 0.17791883E+19
 0.17664640E+19
 0.17470892E+19
 0.17212111E+19
 0.16888185E+19
 0.16499456E+19
 0.16046773E+19
 0.15530781E+19
 0.14953991E+19
 0.14323849E+19
 0.13650458E+19
 0.12949991E+19
 0.12237308E+19
 0.11527994E+19
 0.10833942E+19
 0.10164263E+19
 0.95249424E+18
 0.89191414E+18
 0.83486981E+18
 0.78131489E+18
 0.73117317E+18
 0.68432024E+18
 0.64062478E+18
 0.59992769E+18
 0.56209519E+18
 0.52697806E+18
 0.49441448E+18
 0.46425919E+18
 0.43631826E+18
 0.41045096E+18
 0.38648621E+18
 0.36428634E+18
 0.34370573E+18
 0.32461603E+18
 0.30687960E+18
 0.29039622E+18
 0.27505338E+18
 0.26076600E+18
 0.24743988E+18
 0.23499642E+18
 0.22336982E+18
 0.21249206E+18
 0.20230175E+18
 0.19274684E+18
 0.18378314E+18
 0.17536015E+18
 0.16743253E+18
 0.15996723E+18
 0.15293154E+18
 0.14629335E+18
 0.14002566E+18
 0.13410659E+18
 0.12850817E+18
 0.12321017E+18
 0.11819069E+18
 0.11343224E+18
 0.10891951E+18
 0.10463271E+18
 0.10056089E+18
 0.96690158E+17
 0.93006992E+17
 0.89500503E+17
 0.86165562E+17
 0.82983205E+17
 0.79964106E+17
 0.77081699E+17
 0.74316295E+17
 0.71676541E+17
 0.69152681E+17
 0.66740931E+17
 0.64432752E+17
 0.62224446E+17
 0.60114454E+17
 0.58099011E+17
 0.56169218E+17
 0.54320602E+17
 0.52549218E+17
 0.50851112E+17
 0.49221405E+17
 0.47656472E+17
 0.46154684E+17
 0.44713339E+17
 0.43329066E+17
 0.41999910E+17
 0.40723224E+17
 0.39498193E+17
 0.38320476E+17
 0.37188706E+17
 0.36102753E+17
 0.35056533E+17
 0.34048810E+17
 0.33078904E+17
 0.32143690E+17
 0.31243409E+17
 0.30375577E+17
 0.29539070E+17
 0.28732003E+17
 0.27953440E+17
 0.27202234E+17
 0.26477295E+17
 0.25778003E+17
 0.25101849E+17
 0.24449298E+17
 0.23818442E+17
 0.23208653E+17
 0.22619431E+17
 0.22049859E+17
 0.21498949E+17
 0.20966000E+17
 0.20450008E+17
 0.19950610E+17
 0.19467778E+17
 0.18999816E+17
 0.18546793E+17
 0.18107815E+17
 0.17682558E+17
 0.17270514E+17
 0.16871212E+17
 0.16484112E+17
 0.16108645E+17
 0.15744472E+17
 0.15390934E+17
 0.15047763E+17
 0.14714585E+17
 0.14390923E+17
 0.14076705E+17
 0.13771353E+17
 0.13474311E+17
 0.13185385E+17
 0.12906808E+17
 0.12633806E+17
 0.12368582E+17
 0.12110247E+17
 0.11858865E+17
 0.11613970E+17
 0.11375553E+17
 0.11143424E+17
 0.10917264E+17
 0.10696735E+17
 0.10482318E+17
 0.10273084E+17
 0.10069092E+17
 0.98698140E+16
 0.96758534E+16
 0.94865289E+16
 0.93020180E+16
 0.91220724E+16
 0.89464506E+16
 0.87749071E+16
 0.86072978E+16
 0.84437532E+16
 0.82841316E+16
 0.81281555E+16
 0.79757442E+16
 0.78270308E+16
 0.76817723E+16
 0.75398718E+16
 0.74011229E+16
 0.72656305E+16
 0.71332157E+16
 0.70035956E+16
 0.68770937E+16
 0.67534164E+16
 0.66325046E+16
 0.65142689E+16
 0.63986498E+16
 0.62856165E+16
 0.61750338E+16
 0.60668034E+16
 0.59609680E+16
 0.58574887E+16
 0.57562627E+16
 0.56572651E+16
 0.55604251E+16
 0.54655258E+16
 0.53731873E+16
 0.52829377E+16
 0.51945358E+16
 0.51075448E+16
 0.50224645E+16
 0.49390579E+16
 0.48571945E+16
 0.47769478E+16
 0.46984036E+16
 0.46214263E+16
 0.45461614E+16
 0.44723349E+16
 0.43999917E+16
 0.43290551E+16
 0.42596389E+16
 0.41913910E+16
 0.41246189E+16
 0.40588770E+16
 0.39945973E+16
 0.39315811E+16
 0.38698301E+16
 0.38092668E+16
 0.37498120E+16
 0.36915533E+16
 0.36343865E+16
 0.35782868E+16
 0.35231950E+16
 0.34691908E+16
 0.34161438E+16
 0.33639966E+16
 0.33127963E+16
 0.32625555E+16
 0.32132350E+16
 0.31647671E+16
 0.31171297E+16
 0.30703283E+16
 0.30243587E+16
 0.29791806E+16
 0.29347864E+16
 0.28909450E+16
 0.28478359E+16
 0.28056664E+16
 0.27643203E+16
 0.27236385E+16
 0.26836153E+16
 0.26442992E+16
 0.26056183E+16
 0.25675880E+16
 0.25302038E+16
 0.24934571E+16
 0.24572966E+16
 0.24217176E+16
 0.23867658E+16
 0.23524643E+16
 0.23187819E+16
 0.22856290E+16
 0.22530538E+16
 0.22210091E+16
 0.21895033E+16
 0.21585055E+16
 0.21280302E+16
 0.20979744E+16
 0.20683457E+16
 0.20392037E+16
 0.20105256E+16
 0.19823344E+16
 0.19546520E+16
 0.19274306E+16
 0.19005826E+16
 0.18740735E+16
 0.18479726E+16
 0.18222791E+16
 0.17969617E+16
 0.17720293E+16
 0.17474663E+16
 0.17232759E+16
 0.16994895E+16
 0.16760722E+16
 0.16531229E+16
 0.16305282E+16
 0.16081342E+16
 0.15860699E+16
 0.15643549E+16
 0.15430124E+16
 0.15219683E+16
 0.15012214E+16
 0.14807887E+16
 0.14606022E+16
 0.14407027E+16
 0.14210850E+16
 0.14017163E+16
 0.13826410E+16
 0.13638347E+16
 0.13453065E+16
 0.13270363E+16
 0.13090537E+16
 0.12913467E+16
 0.12739428E+16
 0.12567370E+16
 0.12397977E+16
 0.12231243E+16
 0.12066496E+16
 0.11904205E+16
 0.11744643E+16
 0.11587351E+16
 0.11432157E+16
 0.11279005E+16
 0.11128278E+16
 0.10979839E+16
 0.10833840E+16
 0.10689699E+16
 0.10547903E+16
 0.10408163E+16
 0.10270252E+16
 0.10134161E+16
 0.99999258E+15
 0.98673946E+15
 0.97367739E+15
 0.96078243E+15
 0.94813830E+15
 0.93558832E+15
 0.92318936E+15
 0.91096746E+15
 0.89889006E+15
 0.88699840E+15
 0.87527431E+15
 0.86370288E+15
 0.85228620E+15
 0.84101918E+15
 0.82992227E+15
 0.81900921E+15
 0.80824701E+15
 0.79762035E+15
 0.78715058E+15
 0.77680167E+15
 0.76660184E+15
 0.75654683E+15
 0.74662833E+15
 0.73682759E+15
 0.72717231E+15
 0.71766943E+15
 0.70830284E+15
 0.69908941E+15
 0.69001779E+15
 0.68103797E+15
 0.67216437E+15
 0.66338303E+15
 0.65469738E+15
 0.64613682E+15
 0.63769517E+15
 0.62937114E+15
 0.62115784E+15
 0.61305873E+15
 0.60507859E+15
 0.59721513E+15
 0.58946409E+15
 0.58182798E+15
 0.57430697E+15
 0.56689306E+15
 0.55958658E+15
 0.55236341E+15
 0.54521958E+15
 0.53831065E+15
 0.53150657E+15
 0.52470221E+15
 0.51790527E+15
 0.51118539E+15
 0.50454900E+15
 0.49800781E+15
 0.49156192E+15
 0.48521071E+15
 0.47895487E+15
 0.47278837E+15
 0.46668930E+15
 0.46065950E+15
 0.45470334E+15
 0.44879861E+15
 0.44295677E+15
 0.43720052E+15
 0.43151362E+15
 0.42589865E+15
 0.42036894E+15
 0.41491212E+15
 0.40952908E+15
 0.40422740E+15
 0.39902290E+15
 0.39389254E+15
 0.38879753E+15
 0.38377781E+15
 0.37881040E+15
 0.37388391E+15
 0.36900827E+15
 0.36419703E+15
 0.35946456E+15
 0.35480465E+15
 0.35021274E+15
 0.34569622E+15
 0.34126229E+15
 0.33689038E+15
 0.33257563E+15
 0.32829371E+15
 0.32406078E+15
 0.31988065E+15
 0.31575886E+15
 0.31169490E+15
 0.30768626E+15
 0.30372689E+15
 0.29981606E+15
 0.29595289E+15
 0.29213311E+15
 0.28835909E+15
 0.28463819E+15
 0.28097249E+15
 0.27735723E+15
 0.27378819E+15
 0.27026757E+15
 0.26679681E+15
 0.26337450E+15
 0.25998231E+15
 0.25662318E+15
 0.25332022E+15
 0.25007899E+15
 0.24688554E+15
 0.24373309E+15
 0.24061735E+15
 0.23753441E+15
 0.23448467E+15
 0.23147586E+15
 0.22850684E+15
 0.22558404E+15
 0.22270552E+15
 0.21987419E+15
 0.21708481E+15
 0.21433664E+15
 0.21162758E+15
 0.20895363E+15
 0.20631274E+15
 0.20370717E+15
 0.20113448E+15
 0.19859508E+15
 0.19608810E+15
 0.19361198E+15
 0.19116415E+15
 0.18874154E+15
 0.18635344E+15
 0.18400472E+15
 0.18169321E+15
 0.17941212E+15
 0.17716710E+15
 0.17495384E+15
 0.17277240E+15
 0.17061755E+15
 0.16848647E+15
 0.16638071E+15
 0.16430145E+15
 0.16224956E+15
 0.16022575E+15
 0.15823334E+15
 0.15627520E+15
 0.15434359E+15
 0.15242601E+15
 0.15053065E+15
 0.14866132E+15
 0.14681728E+15
 0.14499918E+15
 0.14320646E+15
 0.14143876E+15
 0.13969534E+15
 0.13797749E+15
 0.13628462E+15
 0.13461576E+15
 0.13296844E+15
 0.13134326E+15
 0.12974017E+15
 0.12815763E+15
 0.12659327E+15
 0.12504843E+15
 0.12352443E+15
 0.12202005E+15
 0.12053724E+15
 0.11907605E+15
 0.11763544E+15
 0.11621584E+15
 0.11481717E+15
 0.11343959E+15
 0.11208057E+15
 0.11073824E+15
 0.10941226E+15
 0.10810518E+15
 0.10681447E+15
 0.10553901E+15
 0.10427860E+15
 0.10303821E+15
 0.10181815E+15
 0.10061635E+15
 0.99435750E+14
 0.98272408E+14
 0.97126299E+14
 0.95996775E+14
 0.94884008E+14
 0.93787423E+14
 0.92705931E+14
 0.91638722E+14
 0.90585784E+14
 0.89547161E+14
 0.88522115E+14
 0.87511822E+14
 0.86517794E+14
 0.85540201E+14
 0.84578143E+14
 0.83631405E+14
 0.82699036E+14
 0.81779960E+14
 0.80873795E+14
 0.79980903E+14
 0.79100502E+14
 0.78232194E+14
 0.77376226E+14
 0.76532508E+14
 0.75701281E+14
 0.74883171E+14
 0.74077427E+14
 0.73284019E+14
 0.72502740E+14
 0.71733252E+14
 0.70975034E+14
 0.70228067E+14
 0.69491686E+14
 0.68765069E+14
 0.68048435E+14
 0.67341154E+14
 0.66644046E+14
 0.65957126E+14
 0.65280135E+14
 0.64613159E+14
 0.63956113E+14
 0.63308902E+14
 0.62671268E+14
 0.62042630E+14
 0.61420617E+14
 0.60806435E+14
 0.60199785E+14
 0.59600397E+14
 0.59011887E+14
 0.58431142E+14
 0.57858121E+14
 0.57292496E+14
 0.56734183E+14
 0.56183260E+14
 0.55639692E+14
 0.55103385E+14
 0.54574023E+14
 0.54051631E+14
 0.53535927E+14
 0.53026902E+14
 0.52524313E+14
 0.52027825E+14
 0.51536935E+14
 0.51051313E+14
 0.50571099E+14
 0.50096008E+14
 0.49625710E+14
 0.49160443E+14
 0.48700546E+14
 0.48245783E+14
 0.47796011E+14
 0.47351265E+14
 0.46911002E+14
 0.46475097E+14
 0.46044154E+14
 0.45617077E+14
 0.45193982E+14
 0.44774857E+14
 0.44359755E+14
 0.43948651E+14
 0.43541547E+14
 0.43139097E+14
 0.42741153E+14
 0.42346253E+14
 0.41954311E+14
 0.41565168E+14
 0.41179261E+14
 0.40796807E+14
 0.40417813E+14
 0.40042345E+14
 0.39670343E+14
 0.39301622E+14
 0.38936189E+14
 0.38574123E+14
 0.38215423E+14
 0.37859814E+14
 0.37507243E+14
 0.37157768E+14
 0.36811477E+14
 0.36468031E+14
 0.36127463E+14
 0.35789789E+14
 0.35455065E+14
 0.35123115E+14
 0.34794207E+14
 0.34468422E+14
 0.34145129E+14
 0.33824425E+14
 0.33506138E+14
 0.33190235E+14
 0.32876789E+14
 0.32566047E+14
 0.32259086E+14
 0.31954981E+14
 0.31653712E+14
 0.31355228E+14
 0.31059292E+14
 0.30765672E+14
 0.30474409E+14
 0.30185427E+14
 0.29898819E+14
 0.29614755E+14
 0.29333086E+14
 0.29053771E+14
 0.28776961E+14
 0.28502685E+14
 0.28230825E+14
 0.27961374E+14
 0.27694391E+14
 0.27429844E+14
 0.27167662E+14
 0.26907913E+14
 0.26650781E+14
 0.26395976E+14
 0.26143600E+14
 0.25893583E+14
 0.25645907E+14
 0.25400501E+14
 0.25157254E+14
 0.24916169E+14
 0.24677042E+14
 0.24439974E+14
 0.24204758E+14
 0.23971459E+14
 0.23740406E+14
 0.23511516E+14
 0.23284832E+14
 0.23060191E+14
 0.22837509E+14
 0.22616778E+14
 0.22397836E+14
 0.22180745E+14
 0.21965181E+14
 0.21751238E+14
 0.21539194E+14
 0.21329108E+14
 0.21121044E+14
 0.20914964E+14
 0.20710848E+14
 0.20508640E+14
 0.20308310E+14
 0.20109865E+14
 0.19913325E+14
 0.19718526E+14
 0.19525438E+14
 0.19334082E+14
 0.19144572E+14
 0.18956870E+14
 0.18770962E+14
 0.18586813E+14
 0.18404416E+14
 0.18223833E+14
 0.18045130E+14
 0.17868147E+14
 0.17693006E+14
 0.17519706E+14
 0.17348238E+14
 0.17178458E+14
 0.17010387E+14
 0.16843985E+14
 0.16679175E+14
 0.16515949E+14
 0.16354266E+14
 0.16193979E+14
 0.16035204E+14
 0.15877929E+14
 0.15722150E+14
 0.15567807E+14
 0.15414911E+14
 0.15263525E+14
 0.15113637E+14
 0.14965242E+14
 0.14818306E+14
 0.14672756E+14
 0.14528546E+14
 0.14385651E+14
 0.14244074E+14
 0.14103811E+14
 0.13964845E+14
 0.13827145E+14
 0.13690718E+14
 0.13555567E+14
 0.13421680E+14
 0.13289064E+14
 0.13157721E+14
 0.13027633E+14
 0.12898788E+14
 0.12771170E+14
 0.12644751E+14
 0.12519522E+14
 0.12395504E+14
 0.12272671E+14
 0.12151002E+14
 0.12030516E+14
 0.11911191E+14
 0.11793041E+14
 0.11676065E+14
 0.11560274E+14
 0.11445669E+14
 0.11332236E+14
 0.11219957E+14
 0.11108833E+14
 0.10998848E+14
 0.10889990E+14
 0.10782241E+14
 0.10675591E+14
 0.10570031E+14
 0.10465545E+14
 0.10362120E+14
 0.10259734E+14
 0.10158369E+14
 0.10058008E+14
 0.99586390E+13
 0.98602456E+13
 0.97628207E+13
 0.96663575E+13
 0.95708451E+13
 0.94762699E+13
 0.93826197E+13
 0.92898810E+13
 0.91980321E+13
 0.91070474E+13
 0.90169132E+13
 0.89276063E+13
 0.88391214E+13
 0.87514539E+13
 0.86646006E+13
 0.85785492E+13
 0.84932775E+13
 0.84087732E+13
 0.83250227E+13
 0.82420219E+13
 0.81597664E+13
 0.80782569E+13
 0.79975107E+13
 0.79175231E+13
 0.78382889E+13
 0.77598183E+13
 0.76821159E+13
 0.76051787E+13
 0.75290142E+13
 0.74536144E+13
 0.73789710E+13
 0.73050748E+13
 0.72319088E+13
 0.71594633E+13
 0.70877319E+13
 0.70167096E+13
 0.69463930E+13
 0.68767785E+13
 0.68078612E+13
 0.67396394E+13
 0.66721050E+13
 0.66052509E+13
 0.65390714E+13
 0.64735633E+13
 0.64087221E+13
 0.63445332E+13
 0.62809900E+13
 0.62180908E+13
 0.61558296E+13
 0.60942016E+13
 0.60332003E+13
 0.59728150E+13
 0.59130343E+13
 0.58538535E+13
 0.57952665E+13
 0.57372670E+13
 0.56798521E+13
 0.56230311E+13
 0.55668021E+13
 0.55111556E+13
 0.54560817E+13
 0.54015711E+13
 0.53476150E+13
 0.52942006E+13
 0.52413185E+13
 0.51889598E+13
 0.51371163E+13
 0.50857947E+13
 0.50349888E+13
 0.49846915E+13
 0.49348990E+13
 0.48856083E+13
 0.48368146E+13
 0.47885149E+13
 0.47407042E+13
 0.46933793E+13
 0.46465398E+13
 0.46001844E+13
 0.45543085E+13
 0.45089099E+13
 0.44639829E+13
 0.44195253E+13
 0.43755292E+13
 0.43319901E+13
 0.42889037E+13
 0.42462670E+13
 0.42040814E+13
 0.41623455E+13
 0.41210534E+13
 0.40802023E+13
 0.40397887E+13
 0.39998055E+13
 0.39602475E+13
 0.39211103E+13
 0.38823891E+13
 0.38440770E+13
 0.38061667E+13
 0.37686522E+13
 0.37315268E+13
 0.36947877E+13
 0.36584308E+13
 0.36224507E+13
 0.35868451E+13
 0.35516150E+13
 0.35167573E+13
 0.34822668E+13
 0.34481378E+13
 0.34143636E+13
 0.33809399E+13
 0.33478631E+13
 0.33151305E+13
 0.32827417E+13
 0.32506923E+13
 0.32189785E+13
 0.31875967E+13
 0.31565418E+13
 0.31258096E+13
 0.30953946E+13
 0.30652948E+13
 0.30355104E+13
 0.30060375E+13
 0.29768730E+13
 0.29480130E+13
 0.29194539E+13
 0.28911927E+13
 0.28632252E+13
 0.28355467E+13
 0.28081534E+13
 0.27810410E+13
 0.27542074E+13
 0.27276506E+13
 0.27013681E+13
 0.26753589E+13
 0.26496230E+13
 0.26241564E+13
 0.25989569E+13
 0.25740213E+13
 0.25493463E+13
 0.25249281E+13
 0.25007631E+13
 0.24768487E+13
 0.24531816E+13
 0.24297575E+13
 0.24065738E+13
 0.23836273E+13
 0.23609150E+13
 0.23384339E+13
 0.23161813E+13
 0.22941548E+13
 0.22723508E+13
 0.22507663E+13
 0.22293992E+13
 0.22082465E+13
 0.21873054E+13
 0.21665742E+13
 0.21460530E+13
 0.21257400E+13
 0.21056339E+13
 0.20857325E+13
 0.20660328E+13
 0.20465320E+13
 0.20272268E+13
 0.20081154E+13
 0.19891957E+13
 0.19704650E+13
 0.19519219E+13
 0.19335642E+13
 0.19153898E+13
 0.18973965E+13
 0.18795821E+13
 0.18619444E+13
 0.18444810E+13
 0.18271891E+13
 0.18100667E+13
 0.17931112E+13
 0.17763209E+13
 0.17596947E+13
 0.17432314E+13
 0.17269292E+13
 0.17107868E+13
 0.16948019E+13
 0.16789731E+13
 0.16632987E+13
 0.16477765E+13
 0.16324054E+13
 0.16171848E+13
 0.16021128E+13
 0.15871881E+13
 0.15724092E+13
 0.15577744E+13
 0.15432824E+13
 0.15289316E+13
 0.15147207E+13
 0.15006478E+13
 0.14867112E+13
 0.14729093E+13
 0.14592400E+13
 0.14457014E+13
 0.14322923E+13
 0.14190109E+13
 0.14058562E+13
 0.13928267E+13
 0.13799211E+13
 0.13671385E+13
 0.13544774E+13
 0.13419367E+13
 0.13295151E+13
 0.13172113E+13
 0.13050242E+13
 0.12929531E+13
 0.12809973E+13
 0.12691554E+13
 0.12574264E+13
 0.12458090E+13
 0.12343021E+13
 0.12229045E+13
 0.12116149E+13
 0.12004321E+13
 0.11893552E+13
 0.11783828E+13
 0.11675139E+13
 0.11567474E+13
 0.11460823E+13
 0.11355177E+13
 0.11250524E+13
 0.11146852E+13
 0.11044150E+13
 0.10942408E+13
 0.10841615E+13
 0.10741766E+13
 0.10642852E+13
 0.10544862E+13
 0.10447789E+13
 0.10351623E+13
 0.10256355E+13
 0.10161977E+13
 0.10068479E+13
 0.99758539E+12
 0.98840917E+12
 0.97931843E+12
 0.97031233E+12
 0.96139004E+12
 0.95255079E+12
 0.94379389E+12
 0.93511858E+12
 0.92652403E+12
 0.91800944E+12
 0.90957409E+12
 0.90121720E+12
 0.89293791E+12
 0.88473541E+12
 0.87660891E+12
 0.86855762E+12
 0.86058085E+12
 0.85267788E+12
 0.84484804E+12
 0.83709064E+12
 0.82940498E+12
 0.82179039E+12
 0.81424618E+12
 0.80677169E+12
 0.79936624E+12
 0.79202922E+12
 0.78475998E+12
 0.77755785E+12
 0.77042220E+12
 0.76335240E+12
 0.75634786E+12
 0.74940792E+12
 0.74253194E+12
 0.73571930E+12
 0.72896936E+12
 0.72228151E+12
 0.71565519E+12
 0.70908981E+12
 0.70258480E+12
 0.69613961E+12
 0.68975370E+12
 0.68342651E+12
 0.67715749E+12
 0.67094610E+12
 0.66479179E+12
 0.65869404E+12
 0.65265231E+12
 0.64666607E+12
 0.64073480E+12
 0.63485797E+12
 0.62903509E+12
 0.62326566E+12
 0.61754917E+12
 0.61188516E+12
 0.60627313E+12
 0.60071260E+12
 0.59520310E+12
 0.58974415E+12
 0.58433530E+12
 0.57897607E+12
 0.57366600E+12
 0.56840466E+12
 0.56319158E+12
 0.55802633E+12
 0.55290846E+12
 0.54783755E+12
 0.54281316E+12
 0.53783486E+12
 0.53290223E+12
 0.52801485E+12
 0.52317230E+12
 0.51837418E+12
 0.51362008E+12
 0.50890958E+12
 0.50424230E+12
 0.49961784E+12
 0.49503579E+12
 0.49049578E+12
 0.48599742E+12
 0.48154032E+12
 0.47712410E+12
 0.47274840E+12
 0.46841284E+12
 0.46411704E+12
 0.45986066E+12
 0.45564331E+12
 0.45146466E+12
 0.44732433E+12
 0.44322198E+12
 0.43915727E+12
 0.43512983E+12
 0.43113935E+12
 0.42718546E+12
 0.42326784E+12
 0.41938616E+12
 0.41554009E+12
 0.41172929E+12
 0.40795345E+12
 0.40421224E+12
 0.40050535E+12
 0.39683246E+12
 0.39319326E+12
 0.38958744E+12
 0.38601470E+12
 0.38247473E+12
 0.37896722E+12
 0.37549189E+12
 0.37204844E+12
 0.36863657E+12
 0.36525599E+12
 0.36190642E+12
 0.35858758E+12
 0.35529917E+12
 0.35204093E+12
 0.34881257E+12
 0.34561383E+12
 0.34244442E+12
 0.33930408E+12
 0.33619255E+12
 0.33310955E+12
 0.33005484E+12
 0.32702814E+12
 0.32402920E+12
 0.32105776E+12
 0.31811358E+12
 0.31519640E+12
 0.31230598E+12
 0.30944207E+12
 0.30660443E+12
 0.30379281E+12
 0.30100698E+12
 0.29824670E+12
 0.29551174E+12
 0.29280186E+12
 0.29011683E+12
 0.28745643E+12
 0.28482044E+12
 0.28220861E+12
 0.27962074E+12
 0.27705661E+12
 0.27451599E+12
 0.27199868E+12
 0.26950445E+12
 0.26703309E+12
 0.26458440E+12
 0.26215817E+12
 0.25975420E+12
 0.25737227E+12
 0.25501218E+12
 0.25267374E+12
 0.25035675E+12
 0.24806100E+12
 0.24578631E+12
 0.24353248E+12
 0.24129932E+12
 0.23908665E+12
 0.23689426E+12
 0.23472198E+12
 0.23256963E+12
 0.23043701E+12
 0.22832395E+12
 0.22623027E+12
 0.22415579E+12
 0.22210034E+12
 0.22006374E+12
 0.21804581E+12
 0.21604639E+12
 0.21406531E+12
 0.21210239E+12
 0.21015748E+12
 0.20823040E+12
 0.20632100E+12
 0.20442911E+12
 0.20255456E+12
 0.20069721E+12
 0.19885689E+12
 0.19703345E+12
 0.19522673E+12
 0.19343658E+12
 0.19166285E+12
 0.18990538E+12
 0.18816403E+12
 0.18643865E+12
 0.18472909E+12
 0.18303521E+12
 0.18135686E+12
 0.17969390E+12
 0.17804620E+12
 0.17641360E+12
 0.17479598E+12
 0.17319319E+12
 0.17160510E+12
 0.17003157E+12
 0.16847247E+12
 0.16692767E+12
 0.16539704E+12
 0.16388044E+12
 0.16237775E+12
 0.16088885E+12
 0.15941359E+12
 0.15795186E+12
 0.15650354E+12
 0.15506850E+12
 0.15364662E+12
 0.15223778E+12
 0.15084186E+12
 0.14945873E+12
 0.14808830E+12
 0.14673043E+12
 0.14538501E+12
 0.14405193E+12
 0.14273107E+12
 0.14142233E+12
 0.14012558E+12
 0.13884073E+12
 0.13756766E+12
 0.13630627E+12
 0.13505644E+12
 0.13381807E+12
 0.13259106E+12
 0.13137530E+12
 0.13017069E+12
 0.12897713E+12
 0.12779451E+12
 0.12662273E+12
 0.12546170E+12
 0.12431132E+12
 0.12317148E+12
 0.12204210E+12
 0.12092308E+12
 0.11981431E+12
 0.11871572E+12
 0.11762719E+12
 0.11654865E+12
 0.11548000E+12
 0.11442115E+12
 0.11337201E+12
 0.11233248E+12
 0.11130249E+12
 0.11028195E+12
 0.10927076E+12
 0.10826885E+12
 0.10727612E+12
 0.10629250E+12
 0.10531789E+12
 0.10435223E+12
 0.10339541E+12
 0.10244738E+12
 0.10150803E+12
 0.10057730E+12
 0.99655100E+11
 0.98741359E+11
 0.97835997E+11
 0.96938936E+11
 0.96050101E+11
 0.95169416E+11
 0.94296807E+11
 0.93432200E+11
 0.92575520E+11
 0.91726696E+11
 0.90885656E+11
 0.90052327E+11
 0.89226640E+11
 0.88408524E+11
 0.87597909E+11
 0.86794728E+11
 0.85998911E+11
 0.85210392E+11
 0.84429103E+11
 0.83654978E+11
 0.82887951E+11
 0.82127958E+11
 0.81374933E+11
 0.80628813E+11
 0.79889535E+11
 0.79157035E+11
 0.78431252E+11
 0.77712124E+11
 0.76999591E+11
 0.76293590E+11
 0.75594063E+11
 0.74900951E+11
 0.74214194E+11
 0.73533734E+11
 0.72859513E+11
 0.72191475E+11
 0.71529562E+11
 0.70873718E+11
 0.70223889E+11
 0.69580017E+11
 0.68942050E+11
 0.68309932E+11
 0.67683610E+11
 0.67063031E+11
 0.66448143E+11
 0.65838892E+11
 0.65235228E+11
 0.64637099E+11
 0.64044455E+11
 0.63457245E+11
 0.62875419E+11
 0.62298927E+11
 0.61727722E+11
 0.61161755E+11
 0.60600976E+11
 0.60045340E+11
 0.59494799E+11
 0.58949305E+11
 0.58408813E+11
 0.57873278E+11
 0.57342652E+11
 0.56816892E+11
 0.56295953E+11
 0.55779790E+11
 0.55268360E+11
 0.54761620E+11
 0.54259525E+11
 0.53762035E+11
 0.53269106E+11
 0.52780697E+11
 0.52296766E+11
 0.51817273E+11
 0.51342176E+11
 0.50871435E+11
 0.50405010E+11
 0.49942862E+11
 0.49484952E+11
 0.49031240E+11
 0.48581688E+11
 0.48136259E+11
 0.47694913E+11
 0.47257614E+11
 0.46824325E+11
 0.46395009E+11
 0.45969629E+11
 0.45548149E+11
 0.45130534E+11
 0.44716748E+11
 0.44306756E+11
 0.43900523E+11
 0.43498015E+11
 0.43099198E+11
 0.42704037E+11
 0.42312500E+11
 0.41924552E+11
 0.41540162E+11
 0.41159296E+11
 0.40781922E+11
 0.40408009E+11
 0.40037523E+11
 0.39670435E+11
 0.39306713E+11
 0.38946325E+11
 0.38589242E+11
 0.38235433E+11
 0.37884868E+11
 0.37537517E+11
 0.37193351E+11
 0.36852341E+11
 0.36514457E+11
 0.36179672E+11
 0.35847956E+11
 0.35519281E+11
 0.35193620E+11
 0.34870945E+11
 0.34551229E+11
 0.34234444E+11
 0.33920564E+11
 0.33609561E+11
 0.33301410E+11
 0.32996085E+11
 0.32693558E+11
 0.32393806E+11
 0.32096802E+11
 0.31802522E+11
 0.31510939E+11
 0.31222030E+11
 0.30935770E+11
 0.30652135E+11
 0.30371100E+11
 0.30092642E+11
 0.29816737E+11
 0.29543361E+11
 0.29272493E+11
 0.29004108E+11
 0.28738183E+11
 0.28474697E+11
 0.28213627E+11
 0.27954950E+11
 0.27698645E+11
 0.27444690E+11
 0.27193064E+11
 0.26943744E+11
 0.26696711E+11
 0.26451942E+11
 0.26209418E+11
 0.25969118E+11
 0.25731020E+11
 0.25495106E+11
 0.25261355E+11
 0.25029747E+11
 0.24800262E+11
 0.24572882E+11
 0.24347586E+11
 0.24124356E+11
 0.23903173E+11
 0.23684018E+11
 0.23466872E+11
 0.23251717E+11
 0.23038535E+11
 0.22827307E+11
 0.22618016E+11
 0.22410644E+11
 0.22205173E+11
 0.22001586E+11
 0.21799866E+11
 0.21599995E+11
 0.21401957E+11
 0.21205735E+11
 0.21011312E+11
 0.20818671E+11
 0.20627796E+11
 0.20438672E+11
 0.20251281E+11
 0.20065609E+11
 0.19881639E+11
 0.19699356E+11
 0.19518744E+11
 0.19339788E+11
 0.19162473E+11
 0.18986784E+11
 0.18812705E+11
 0.18640223E+11
 0.18469322E+11
 0.18299987E+11
 0.18132206E+11
 0.17965962E+11
 0.17801243E+11
 0.17638035E+11
 0.17476322E+11
 0.17316092E+11
 0.17157332E+11
 0.17000027E+11
 0.16844164E+11
 0.16689730E+11
 0.16536712E+11
 0.16385097E+11
 0.16234872E+11
 0.16086025E+11
 0.15938542E+11
 0.15792412E+11
 0.15647621E+11
 0.15504158E+11
 0.15362010E+11
 0.15221166E+11
 0.15081612E+11
 0.14943339E+11
 0.14806333E+11
 0.14670583E+11
 0.14536078E+11
 0.14402806E+11
 0.14270756E+11
 0.14139916E+11
 0.14010277E+11
 0.13881825E+11
 0.13754552E+11
 0.13628445E+11
 0.13503495E+11
 0.13379690E+11
 0.13257021E+11
 0.13135476E+11
 0.13015045E+11
 0.12895719E+11
 0.12777487E+11
 0.12660338E+11
 0.12544264E+11
 0.12429254E+11
 0.12315299E+11
 0.12202388E+11
 0.12090513E+11
 0.11979663E+11
 0.11869829E+11
 0.11761003E+11
 0.11653174E+11
 0.11546334E+11
 0.11440474E+11
 0.11335584E+11
 0.11231655E+11
 0.11128680E+11
 0.11026649E+11
 0.10925553E+11
 0.10825384E+11
 0.10726134E+11
 0.10627793E+11
 0.10530354E+11
 0.10433809E+11
 0.10338148E+11
 0.10243365E+11
 0.10149451E+11
 0.10056398E+11
 0.99641976E+10
 0.98728428E+10
 0.97823256E+10
 0.96926384E+10
 0.96037734E+10
 0.95157232E+10
 0.94284803E+10
 0.93420372E+10
 0.92563867E+10
 0.91715215E+10
 0.90874343E+10
 0.90041181E+10
 0.89215658E+10
 0.88397703E+10
 0.87587248E+10
 0.86784223E+10
 0.85988561E+10
 0.85200194E+10
 0.84419055E+10
 0.83645078E+10
 0.82878196E+10
 0.82118346E+10
 0.81365463E+10
 0.80619482E+10
 0.79880341E+10
 0.79147976E+10
 0.78422326E+10
 0.77703329E+10
 0.76990924E+10
 0.76285051E+10
 0.75585649E+10
 0.74892660E+10
 0.74206024E+10
 0.73525684E+10
 0.72851581E+10
 0.72183659E+10
 0.71521861E+10
 0.70866130E+10
 0.70216411E+10
 0.69572649E+10
 0.68934789E+10
 0.68302778E+10
 0.67676560E+10
 0.67056085E+10
 0.66441298E+10
 0.65832147E+10
 0.65228582E+10
 0.64630550E+10
 0.64038001E+10
 0.63450885E+10
 0.62869152E+10
 0.62292752E+10
 0.61721637E+10
 0.61155758E+10
 0.60595067E+10
 0.60039517E+10
 0.59489060E+10
 0.58943651E+10
 0.58403241E+10
 0.57867786E+10
 0.57337241E+10
 0.56811560E+10
 0.56290698E+10
 0.55774612E+10
 0.55263257E+10
 0.54756591E+10
 0.54254570E+10
 0.53757151E+10
 0.53264294E+10
 0.52775954E+10
 0.52292093E+10
 0.51812667E+10
 0.51337637E+10
 0.50866962E+10
 0.50400602E+10
 0.49938518E+10
 0.49480671E+10
 0.49027021E+10
 0.48577530E+10
 0.48132161E+10
 0.47690875E+10
 0.47253635E+10
 0.46820403E+10
 0.46391143E+10
 0.45965819E+10
 0.45544395E+10
 0.45126834E+10
 0.44713102E+10
 0.44303163E+10
 0.43896982E+10
 0.43494525E+10
 0.43095758E+10
 0.42700647E+10
 0.42309159E+10
 0.41921260E+10
 0.41536917E+10
 0.41156098E+10
 0.40778770E+10
 0.40404902E+10
 0.40034462E+10
 0.39667418E+10
 0.39303739E+10
 0.38943394E+10
 0.38586354E+10
 0.38232586E+10
 0.37882062E+10
 0.37534752E+10
 0.37190626E+10
 0.36849655E+10
 0.36511810E+10
 0.36177063E+10
 0.35845384E+10
 0.35516747E+10
 0.35191122E+10
 0.34868483E+10
 0.34548802E+10
 0.34232052E+10
 0.33918206E+10
 0.33607238E+10
 0.33299120E+10
 0.32993828E+10
 0.32691334E+10
 0.32391614E+10
 0.32094641E+10
 0.31800392E+10
 0.31508840E+10
 0.31219961E+10
 0.30933731E+10
 0.30650125E+10
 0.30369119E+10
 0.30090689E+10
 0.29814812E+10
 0.29541464E+10
 0.29270623E+10
 0.29002265E+10
 0.28736367E+10
 0.28472907E+10
 0.28211862E+10
 0.27953211E+10
 0.27696931E+10
 0.27443000E+10
 0.27191398E+10
 0.26942102E+10
 0.26695093E+10
 0.26450347E+10
 0.26207846E+10
 0.25967568E+10
 0.25729493E+10
 0.25493600E+10
 0.25259871E+10
 0.25028284E+10
 0.24798820E+10
 0.24571461E+10
 0.24346185E+10
 0.24122975E+10
 0.23901812E+10
 0.23682676E+10
 0.23465549E+10
 0.23250413E+10
 0.23037250E+10
 0.22826040E+10
 0.22616767E+10
 0.22409413E+10
 0.22203960E+10
 0.22000391E+10
 0.21798687E+10
 0.21598833E+10
 0.21400812E+10
 0.21204606E+10
 0.21010199E+10
 0.20817574E+10
 0.20626715E+10
 0.20437606E+10
 0.20250231E+10
 0.20064573E+10
 0.19880618E+10
 0.19698350E+10
 0.19517752E+10
 0.19338810E+10
 0.19161509E+10
 0.18985833E+10
 0.18811768E+10
 0.18639299E+10
 0.18468411E+10
 0.18299090E+10
 0.18131321E+10
 0.17965090E+10
 0.17800384E+10
 0.17637187E+10
 0.17475487E+10
 0.17315269E+10
 0.17156520E+10
 0.16999226E+10
 0.16843375E+10
 0.16688952E+10
 0.16535946E+10
 0.16384342E+10
 0.16234128E+10
 0.16085291E+10
 0.15937818E+10
