# ea gauss        trunk (rev 302)                                             
 0.10891327E+15
 0.10943609E+15
 0.10996262E+15
 0.11049289E+15
 0.11102693E+15
 0.11156476E+15
 0.11210641E+15
 0.11265193E+15
 0.11320133E+15
 0.11375465E+15
 0.11431192E+15
 0.11487317E+15
 0.11543844E+15
 0.11600775E+15
 0.11658114E+15
 0.11715864E+15
 0.11774028E+15
 0.11832610E+15
 0.11891613E+15
 0.11951041E+15
 0.12010896E+15
 0.12071183E+15
 0.12131904E+15
 0.12193064E+15
 0.12254665E+15
 0.12316712E+15
 0.12379208E+15
 0.12442156E+15
 0.12505561E+15
 0.12569425E+15
 0.12633754E+15
 0.12698549E+15
 0.12763817E+15
 0.12829559E+15
 0.12895780E+15
 0.12962484E+15
 0.13029674E+15
 0.13097356E+15
 0.13165532E+15
 0.13234207E+15
 0.13303385E+15
 0.13373070E+15
 0.13443266E+15
 0.13513977E+15
 0.13585208E+15
 0.13656962E+15
 0.13729245E+15
 0.13802060E+15
 0.13875412E+15
 0.13949305E+15
 0.14023744E+15
 0.14098733E+15
 0.14174277E+15
 0.14250380E+15
 0.14327047E+15
 0.14404282E+15
 0.14482091E+15
 0.14560478E+15
 0.14639448E+15
 0.14719005E+15
 0.14799155E+15
 0.14879902E+15
 0.14961252E+15
 0.15043209E+15
 0.15125778E+15
 0.15208965E+15
 0.15292775E+15
 0.15377213E+15
 0.15462284E+15
 0.15547993E+15
 0.15634346E+15
 0.15721349E+15
 0.15809005E+15
 0.15897322E+15
 0.15986305E+15
 0.16075959E+15
 0.16166290E+15
 0.16257303E+15
 0.16349004E+15
 0.16441400E+15
 0.16534496E+15
 0.16628297E+15
 0.16722810E+15
 0.16818041E+15
 0.16913996E+15
 0.17010681E+15
 0.17108103E+15
 0.17206266E+15
 0.17305179E+15
 0.17404846E+15
 0.17505275E+15
 0.17606472E+15
 0.17708444E+15
 0.17811196E+15
 0.17914737E+15
 0.18019072E+15
 0.18124208E+15
 0.18230152E+15
 0.18336912E+15
 0.18444493E+15
 0.18552903E+15
 0.18662150E+15
 0.18772240E+15
 0.18883181E+15
 0.18994979E+15
 0.19107643E+15
 0.19221179E+15
 0.19335596E+15
 0.19450901E+15
 0.19567101E+15
 0.19684204E+15
 0.19802219E+15
 0.19921152E+15
 0.20041012E+15
 0.20161808E+15
 0.20283546E+15
 0.20406235E+15
 0.20529884E+15
 0.20654501E+15
 0.20780094E+15
 0.20906672E+15
 0.21034243E+15
 0.21162816E+15
 0.21292400E+15
 0.21423004E+15
 0.21554636E+15
 0.21687306E+15
 0.21821023E+15
 0.21955795E+15
 0.22091632E+15
 0.22228544E+15
 0.22366540E+15
 0.22505629E+15
 0.22645822E+15
 0.22787127E+15
 0.22929555E+15
 0.23073116E+15
 0.23217819E+15
 0.23363675E+15
 0.23510694E+15
 0.23658886E+15
 0.23808262E+15
 0.23958832E+15
 0.24110606E+15
 0.24263597E+15
 0.24417814E+15
 0.24573268E+15
 0.24729970E+15
 0.24887932E+15
 0.25047165E+15
 0.25207680E+15
 0.25369489E+15
 0.25532603E+15
 0.25697034E+15
 0.25862794E+15
 0.26029895E+15
 0.26198348E+15
 0.26368167E+15
 0.26539363E+15
 0.26711949E+15
 0.26885937E+15
 0.27061341E+15
 0.27238172E+15
 0.27416444E+15
 0.27596171E+15
 0.27777364E+15
 0.27960038E+15
 0.28144206E+15
 0.28329881E+15
 0.28517078E+15
 0.28705811E+15
 0.28896092E+15
 0.29087937E+15
 0.29281360E+15
 0.29476376E+15
 0.29672998E+15
 0.29871242E+15
 0.30071122E+15
 0.30272655E+15
 0.30475854E+15
 0.30680736E+15
 0.30887315E+15
 0.31095608E+15
 0.31305631E+15
 0.31517399E+15
 0.31730929E+15
 0.31946237E+15
 0.32163340E+15
 0.32382254E+15
 0.32602996E+15
 0.32825584E+15
 0.33050034E+15
 0.33276364E+15
 0.33504592E+15
 0.33734735E+15
 0.33966812E+15
 0.34200840E+15
 0.34436839E+15
 0.34674826E+15
 0.34914820E+15
 0.35156841E+15
 0.35400906E+15
 0.35647037E+15
 0.35895252E+15
 0.36145572E+15
 0.36398015E+15
 0.36652603E+15
 0.36909356E+15
 0.37168294E+15
 0.37429439E+15
 0.37692811E+15
 0.37958432E+15
 0.38226324E+15
 0.38496507E+15
 0.38769005E+15
 0.39043840E+15
 0.39321033E+15
 0.39600608E+15
 0.39882588E+15
 0.40166997E+15
 0.40453856E+15
 0.40743192E+15
 0.41035027E+15
 0.41329385E+15
 0.41626292E+15
 0.41925773E+15
 0.42227852E+15
 0.42532554E+15
 0.42839907E+15
 0.43149935E+15
 0.43462665E+15
 0.43778123E+15
 0.44096337E+15
 0.44417333E+15
 0.44741140E+15
 0.45067784E+15
 0.45397295E+15
 0.45729700E+15
 0.46065029E+15
 0.46403309E+15
 0.46744572E+15
 0.47088847E+15
 0.47436163E+15
 0.47786552E+15
 0.48140044E+15
 0.48496670E+15
 0.48856463E+15
 0.49219453E+15
 0.49585673E+15
 0.49955157E+15
 0.50327936E+15
 0.50704045E+15
 0.51083517E+15
 0.51466386E+15
 0.51852688E+15
 0.52242457E+15
 0.52635729E+15
 0.53032539E+15
 0.53432925E+15
 0.53836923E+15
 0.54244569E+15
 0.54655903E+15
 0.55070962E+15
 0.55489784E+15
 0.55912408E+15
 0.56338875E+15
 0.56769225E+15
 0.57203497E+15
 0.57641733E+15
 0.58083974E+15
 0.58530263E+15
 0.58980642E+15
 0.59435154E+15
 0.59893843E+15
 0.60356753E+15
 0.60823928E+15
 0.61295415E+15
 0.61771259E+15
 0.62251506E+15
 0.62736203E+15
 0.63225399E+15
 0.63719141E+15
 0.64217479E+15
 0.64720461E+15
 0.65228138E+15
 0.65740562E+15
 0.66257782E+15
 0.66779852E+15
 0.67306824E+15
 0.67838751E+15
 0.68375689E+15
 0.68917691E+15
 0.69464814E+15
 0.70017114E+15
 0.70574648E+15
 0.71137473E+15
 0.71705649E+15
 0.72279236E+15
 0.72858292E+15
 0.73442880E+15
 0.74033061E+15
 0.74628899E+15
 0.75230455E+15
 0.75837796E+15
 0.76450987E+15
 0.77070093E+15
 0.77695182E+15
 0.78326322E+15
 0.78963582E+15
 0.79607032E+15
 0.80256743E+15
 0.80912787E+15
 0.81575238E+15
 0.82244169E+15
 0.82919655E+15
 0.83601772E+15
 0.84290599E+15
 0.84986212E+15
 0.85688692E+15
 0.86398120E+15
 0.87114577E+15
 0.87838147E+15
 0.88568913E+15
 0.89306961E+15
 0.90052378E+15
 0.90805253E+15
 0.91565673E+15
 0.92333731E+15
 0.93109518E+15
 0.93893128E+15
 0.94684655E+15
 0.95484197E+15
 0.96291850E+15
 0.97107714E+15
 0.97931890E+15
 0.98764480E+15
 0.99605589E+15
 0.10045532E+16
 0.10131379E+16
 0.10218109E+16
 0.10305735E+16
 0.10394266E+16
 0.10483716E+16
 0.10574095E+16
 0.10665415E+16
 0.10757688E+16
 0.10850927E+16
 0.10945143E+16
 0.11040350E+16
 0.11136559E+16
 0.11233785E+16
 0.11332040E+16
 0.11431337E+16
 0.11531691E+16
 0.11633116E+16
 0.11735624E+16
 0.11839232E+16
 0.11943952E+16
 0.12049801E+16
 0.12156794E+16
 0.12264945E+16
 0.12374270E+16
 0.12484786E+16
 0.12596508E+16
 0.12709453E+16
 0.12823638E+16
 0.12939080E+16
 0.13055796E+16
 0.13173804E+16
 0.13293122E+16
 0.13413768E+16
 0.13535762E+16
 0.13659121E+16
 0.13783866E+16
 0.13910016E+16
 0.14037592E+16
 0.14166613E+16
 0.14297101E+16
 0.14429077E+16
 0.14562563E+16
 0.14697581E+16
 0.14834153E+16
 0.14972303E+16
 0.15112053E+16
 0.15253429E+16
 0.15396453E+16
 0.15541151E+16
 0.15687549E+16
 0.15835672E+16
 0.15985546E+16
 0.16137200E+16
 0.16290659E+16
 0.16445952E+16
 0.16603108E+16
 0.16762157E+16
 0.16923127E+16
 0.17086049E+16
 0.17250955E+16
 0.17417877E+16
 0.17586846E+16
 0.17757897E+16
 0.17931063E+16
 0.18106378E+16
 0.18283879E+16
 0.18463601E+16
 0.18645581E+16
 0.18829859E+16
 0.19016471E+16
 0.19205458E+16
 0.19396861E+16
 0.19590721E+16
 0.19787080E+16
 0.19985982E+16
 0.20187472E+16
 0.20391595E+16
 0.20598398E+16
 0.20807928E+16
 0.21020235E+16
 0.21235368E+16
 0.21453380E+16
 0.21674323E+16
 0.21898251E+16
 0.22125219E+16
 0.22355285E+16
 0.22588506E+16
 0.22824942E+16
 0.23064654E+16
 0.23307707E+16
 0.23554163E+16
 0.23804090E+16
 0.24057556E+16
 0.24314630E+16
 0.24575385E+16
 0.24839894E+16
 0.25108234E+16
 0.25380481E+16
 0.25656718E+16
 0.25937025E+16
 0.26221488E+16
 0.26510194E+16
 0.26803233E+16
 0.27100698E+16
 0.27402683E+16
 0.27709287E+16
 0.28020611E+16
 0.28336759E+16
 0.28657837E+16
 0.28983957E+16
 0.29315233E+16
 0.29651782E+16
 0.29993725E+16
 0.30341188E+16
 0.30694299E+16
 0.31053193E+16
 0.31418006E+16
 0.31788882E+16
 0.32165967E+16
 0.32549412E+16
 0.32939377E+16
 0.33336022E+16
 0.33739516E+16
 0.34150033E+16
 0.34567754E+16
 0.34992864E+16
 0.35425558E+16
 0.35866035E+16
 0.36314503E+16
 0.36771178E+16
 0.37236283E+16
 0.37710049E+16
 0.38192718E+16
 0.38684538E+16
 0.39185771E+16
 0.39696684E+16
 0.40217560E+16
 0.40748689E+16
 0.41290375E+16
 0.41842935E+16
 0.42406695E+16
 0.42982001E+16
 0.43569208E+16
 0.44168688E+16
 0.44780831E+16
 0.45406041E+16
 0.46044742E+16
 0.46697375E+16
 0.47364403E+16
 0.48046307E+16
 0.48743594E+16
 0.49456790E+16
 0.50186451E+16
 0.50933156E+16
 0.51697511E+16
 0.52480155E+16
 0.53281756E+16
 0.54103016E+16
 0.54944673E+16
 0.55807500E+16
 0.56692314E+16
 0.57599971E+16
 0.58531376E+16
 0.59487479E+16
 0.60469283E+16
 0.61477848E+16
 0.62514289E+16
 0.63579787E+16
 0.64675590E+16
 0.65803017E+16
 0.66963466E+16
 0.68158416E+16
 0.69389436E+16
 0.70658191E+16
 0.71966450E+16
 0.73316091E+16
 0.74709111E+16
 0.76147638E+16
 0.77633938E+16
 0.79170427E+16
 0.80759683E+16
 0.82404463E+16
 0.84107710E+16
 0.85872579E+16
 0.87702447E+16
 0.89600937E+16
 0.91571938E+16
 0.93619630E+16
 0.95748510E+16
 0.97963423E+16
 0.10026959E+17
 0.10267265E+17
 0.10517871E+17
 0.10779435E+17
 0.11052673E+17
 0.11338361E+17
 0.11637341E+17
 0.11950531E+17
 0.12278929E+17
 0.12623627E+17
 0.12985816E+17
 0.13366801E+17
 0.13768010E+17
 0.14191014E+17
 0.14637539E+17
 0.15109488E+17
 0.15608959E+17
 0.16138274E+17
 0.16700003E+17
 0.17296998E+17
 0.17932431E+17
 0.18609834E+17
 0.19333150E+17
 0.20106788E+17
 0.20935689E+17
 0.21825402E+17
 0.22782167E+17
 0.23813020E+17
 0.24925908E+17
 0.26129821E+17
 0.27434947E+17
 0.28852852E+17
 0.30396677E+17
 0.32081369E+17
 0.33923933E+17
 0.35943708E+17
 0.38162663E+17
 0.40605684E+17
 0.43300834E+17
 0.46279545E+17
 0.49576629E+17
 0.53230010E+17
 0.57279940E+17
 0.61767399E+17
 0.66731211E+17
 0.72203249E+17
 0.78200965E+17
 0.84716529E+17
 0.91702447E+17
 0.99055232E+17
 0.10660232E+18
 0.11410284E+18
 0.12127622E+18
 0.12786312E+18
 0.13369118E+18
 0.13869056E+18
 0.14284865E+18
 0.14616612E+18
 0.14864459E+18
 0.15028575E+18
 0.15109127E+18
 0.15106288E+18
 0.15020237E+18
 0.14851149E+18
 0.14599208E+18
 0.14264600E+18
 0.13847517E+18
 0.13348355E+18
 0.12769568E+18
 0.12120594E+18
 0.11421222E+18
 0.10698391E+18
 0.99793290E+17
 0.92862457E+17
 0.86343261E+17
 0.80321492E+17
 0.74831561E+17
 0.69872609E+17
 0.65421976E+17
 0.61445083E+17
 0.57902087E+17
 0.54752069E+17
 0.51955500E+17
 0.49475565E+17
 0.47278767E+17
 0.45335097E+17
 0.43617949E+17
 0.42103903E+17
 0.40772449E+17
 0.39605694E+17
 0.38588072E+17
 0.37706075E+17
 0.36948010E+17
 0.36303786E+17
 0.35764721E+17
 0.35323385E+17
 0.34973452E+17
 0.34709589E+17
 0.34527354E+17
 0.34423108E+17
 0.34393955E+17
 0.34437678E+17
 0.34552704E+17
 0.34738067E+17
 0.34993390E+17
 0.35318871E+17
 0.35715281E+17
 0.36183970E+17
 0.36726888E+17
 0.37346605E+17
 0.38046351E+17
 0.38830065E+17
 0.39702450E+17
 0.40669049E+17
 0.41736333E+17
 0.42911804E+17
 0.44204116E+17
 0.45623219E+17
 0.47180520E+17
 0.48889072E+17
 0.50763782E+17
 0.52821640E+17
 0.55081966E+17
 0.57566667E+17
 0.60300474E+17
 0.63311156E+17
 0.66629645E+17
 0.70290039E+17
 0.74329415E+17
 0.78787373E+17
 0.83705234E+17
 0.89124709E+17
 0.95085517E+17
 0.10162087E+18
 0.10874946E+18
 0.11646333E+18
 0.12471233E+18
 0.13338719E+18
 0.14230639E+18
 0.15121808E+18
 0.15983108E+18
 0.16787903E+18
 0.17518828E+18
 0.18169317E+18
 0.18738865E+18
 0.19228466E+18
 0.19639339E+18
 0.19972870E+18
 0.20230709E+18
 0.20414713E+18
 0.20527145E+18
 0.20570391E+18
 0.20547050E+18
 0.20459915E+18
 0.20312019E+18
 0.20106828E+18
 0.19849948E+18
 0.19554038E+18
 0.19242821E+18
 0.18948440E+18
 0.18704406E+18
 0.18539543E+18
 0.18475219E+18
 0.18525183E+18
 0.18696653E+18
 0.18991762E+18
 0.19408953E+18
 0.19943993E+18
 0.20589947E+18
 0.21335598E+18
 0.22162960E+18
 0.23045306E+18
 0.23946934E+18
 0.24826063E+18
 0.23659103E+18
 0.26362948E+18
 0.26973022E+18
 0.27466234E+18
 0.27840698E+18
 0.28095222E+18
 0.28228829E+18
 0.28240803E+18
 0.28130904E+18
 0.27900292E+18
 0.27551434E+18
 0.27087659E+18
 0.26512165E+18
 0.25827473E+18
 0.25035300E+18
 0.24137402E+18
 0.23139745E+18
 0.22059464E+18
 0.20926976E+18
 0.19779975E+18
 0.18654733E+18
 0.17580093E+18
 0.16575397E+18
 0.15652178E+18
 0.14810669E+18
 0.14052389E+18
 0.13371327E+18
 0.12760698E+18
 0.12213095E+18
 0.11721385E+18
 0.11279161E+18
 0.10880771E+18
 0.10521168E+18
 0.10195853E+18
 0.99008645E+17
 0.96327312E+17
 0.93884078E+17
 0.91685998E+17
 0.89607410E+17
 0.87728972E+17
 0.85998134E+17
 0.84398274E+17
 0.82914784E+17
 0.81534839E+17
 0.80247253E+17
 0.79042655E+17
 0.77914824E+17
 0.76863135E+17
 0.75893735E+17
 0.75017839E+17
 0.74248438E+17
 0.73597419E+17
 0.73074039E+17
 0.72684611E+17
 0.72432932E+17
 0.72320991E+17
 0.72349714E+17
 0.72519611E+17
 0.72831287E+17
 0.73285832E+17
 0.73885109E+17
 0.74631958E+17
 0.75530337E+17
 0.76585398E+17
 0.77803509E+17
 0.79192181E+17
 0.80759876E+17
 0.82515631E+17
 0.84468397E+17
 0.86625974E+17
 0.88993372E+17
 0.91570446E+17
 0.94348704E+17
 0.97307484E+17
 0.10041026E+18
 0.10360291E+18
 0.10681680E+18
 0.10997945E+18
 0.11303120E+18
 0.11593823E+18
 0.11869062E+18
 0.12128936E+18
 0.12373769E+18
 0.12603922E+18
 0.12819788E+18
 0.13021789E+18
 0.13210381E+18
 0.13386052E+18
 0.13549326E+18
 0.13700769E+18
 0.13840983E+18
 0.13970617E+18
 0.14090393E+18
 0.14201429E+18
 0.14306291E+18
 0.14410057E+18
 0.14520034E+18
 0.14644273E+18
 0.14790096E+18
 0.14963315E+18
 0.15168119E+18
 0.15407325E+18
 0.15682770E+18
 0.15995671E+18
 0.16346917E+18
 0.16737294E+18
 0.17167632E+18
 0.17638910E+18
 0.18152328E+18
 0.18709351E+18
 0.19311747E+18
 0.19961617E+18
 0.20661413E+18
 0.21413970E+18
 0.22222528E+18
 0.23090763E+18
 0.24022822E+18
 0.25023356E+18
 0.26097568E+18
 0.27251253E+18
 0.28490852E+18
 0.29823507E+18
 0.31257111E+18
 0.32800368E+18
 0.34462842E+18
 0.36255001E+18
 0.38188255E+18
 0.40274976E+18
 0.42528513E+18
 0.44963205E+18
 0.47594416E+18
 0.50438633E+18
 0.53513649E+18
 0.56838828E+18
 0.60435306E+18
 0.64325869E+18
 0.68534277E+18
 0.73083969E+18
 0.77996321E+18
 0.83288359E+18
 0.88969721E+18
 0.95038592E+18
 0.10147659E+19
 0.10824279E+19
 0.11526769E+19
 0.12244869E+19
 0.12964996E+19
 0.13671015E+19
 0.14346061E+19
 0.14975198E+19
 0.15547874E+19
 0.16058700E+19
 0.16506041E+19
 0.16889882E+19
 0.17210524E+19
 0.17468182E+19
 0.17662875E+19
 0.17794401E+19
 0.17862367E+19
 0.17866291E+19
 0.17805740E+19
 0.17680522E+19
 0.17490715E+19
 0.17236623E+19
 0.16918652E+19
 0.16537230E+19
 0.16092850E+19
 0.15586460E+19
 0.15020728E+19
 0.14401928E+19
 0.13740910E+19
 0.13052082E+19
 0.12351118E+19
 0.11652633E+19
 0.10968707E+19
 0.10308315E+19
 0.96774295E+18
 0.90794658E+18
 0.85158503E+18
 0.79866025E+18
 0.74908885E+18
 0.70274788E+18
 0.65950250E+18
 0.61921532E+18
 0.58174575E+18
 0.54694725E+18
 0.51466662E+18
 0.48474560E+18
 0.45702385E+18
 0.43134235E+18
 0.40754635E+18
 0.38548777E+18
 0.36502667E+18
 0.34603228E+18
 0.32838331E+18
 0.31196798E+18
 0.29668374E+18
 0.28243684E+18
 0.26914175E+18
 0.25672060E+18
 0.24510253E+18
 0.23422311E+18
 0.22402374E+18
 0.21445117E+18
 0.20545692E+18
 0.19699687E+18
 0.18903084E+18
 0.18152217E+18
 0.17443743E+18
 0.16774606E+18
 0.16142014E+18
 0.15543408E+18
 0.14976444E+18
 0.14438973E+18
 0.13929019E+18
 0.13444767E+18
 0.12984543E+18
 0.12546809E+18
 0.12130141E+18
 0.11733228E+18
 0.11354856E+18
 0.10993901E+18
 0.10649323E+18
 0.10320157E+18
 0.10005506E+18
 0.97045384E+17
 0.94164795E+17
 0.91406082E+17
 0.88762528E+17
 0.86227865E+17
 0.83796244E+17
 0.81462200E+17
 0.79220620E+17
 0.77066722E+17
 0.74996026E+17
 0.73004330E+17
 0.71087695E+17
 0.69242422E+17
 0.67465035E+17
 0.65752267E+17
 0.64101042E+17
 0.62508466E+17
 0.60971811E+17
 0.59488506E+17
 0.58056123E+17
 0.56672374E+17
 0.55335093E+17
 0.54042235E+17
 0.52791867E+17
 0.51582156E+17
 0.50411371E+17
 0.49277868E+17
 0.48180090E+17
 0.47116561E+17
 0.46085879E+17
 0.45086713E+17
 0.44117798E+17
 0.43177934E+17
 0.42265978E+17
 0.41380841E+17
 0.40521490E+17
 0.39686938E+17
 0.38876247E+17
 0.38088521E+17
 0.37322907E+17
 0.36578591E+17
 0.35854795E+17
 0.35150777E+17
 0.34465828E+17
 0.33799270E+17
 0.33150456E+17
 0.32518766E+17
 0.31903607E+17
 0.31304413E+17
 0.30720639E+17
 0.30151766E+17
 0.29597294E+17
 0.29056747E+17
 0.28529665E+17
 0.28015609E+17
 0.27514158E+17
 0.27024905E+17
 0.26547464E+17
 0.26081460E+17
 0.25626534E+17
 0.25182342E+17
 0.24748552E+17
 0.24324846E+17
 0.23910916E+17
 0.23506468E+17
 0.23111218E+17
 0.22724892E+17
 0.22347227E+17
 0.21977969E+17
 0.21616873E+17
 0.21263704E+17
 0.20918235E+17
 0.20580247E+17
 0.20249527E+17
 0.19925873E+17
 0.19609087E+17
 0.19298979E+17
 0.18995366E+17
 0.18698070E+17
 0.18406921E+17
 0.18121753E+17
 0.17842405E+17
 0.17568723E+17
 0.17300559E+17
 0.17037766E+17
 0.16780206E+17
 0.16527742E+17
 0.16280244E+17
 0.16037586E+17
 0.15799643E+17
 0.15566298E+17
 0.15337435E+17
 0.15112943E+17
 0.14892713E+17
 0.14676640E+17
 0.14464623E+17
 0.14256564E+17
 0.14052367E+17
 0.13851939E+17
 0.13655190E+17
 0.13462033E+17
 0.13272384E+17
 0.13086160E+17
 0.12903281E+17
 0.12723671E+17
 0.12547253E+17
 0.12373954E+17
 0.12203704E+17
 0.12036434E+17
 0.11872077E+17
 0.11710567E+17
 0.11551840E+17
 0.11395837E+17
 0.11242496E+17
 0.11091759E+17
 0.10943569E+17
 0.10797872E+17
 0.10654614E+17
 0.10513743E+17
 0.10375207E+17
 0.10238957E+17
 0.10104945E+17
 0.99731250E+16
 0.98434499E+16
 0.97158758E+16
 0.95903592E+16
 0.94668579E+16
 0.93453308E+16
 0.92257377E+16
 0.91080395E+16
 0.89921981E+16
 0.88781763E+16
 0.87659378E+16
 0.86554474E+16
 0.85466705E+16
 0.84395735E+16
 0.83341236E+16
 0.82302888E+16
 0.81280378E+16
 0.80273402E+16
 0.79281661E+16
 0.78304866E+16
 0.77342732E+16
 0.76394983E+16
 0.75461348E+16
 0.74541563E+16
 0.73635369E+16
 0.72742516E+16
 0.71862757E+16
 0.70995850E+16
 0.70141561E+16
 0.69299661E+16
 0.68469924E+16
 0.67652131E+16
 0.66846067E+16
 0.66051523E+16
 0.65268293E+16
 0.64496176E+16
 0.63734977E+16
 0.62984503E+16
 0.62244567E+16
 0.61514985E+16
 0.60795577E+16
 0.60086167E+16
 0.59386583E+16
 0.58696657E+16
 0.58016224E+16
 0.57345122E+16
 0.56683193E+16
 0.56030283E+16
 0.55386240E+16
 0.54750916E+16
 0.54124166E+16
 0.53505847E+16
 0.52895820E+16
 0.52293948E+16
 0.51700098E+16
 0.51114139E+16
 0.50535942E+16
 0.49965382E+16
 0.49402334E+16
 0.48846679E+16
 0.48298298E+16
 0.47757074E+16
 0.47222895E+16
 0.46695647E+16
 0.46175222E+16
 0.45661513E+16
 0.45154414E+16
 0.44653823E+16
 0.44159637E+16
 0.43671757E+16
 0.43190087E+16
 0.42714531E+16
 0.42244994E+16
 0.41781385E+16
 0.41323614E+16
 0.40871592E+16
 0.40425232E+16
 0.39984449E+16
 0.39549158E+16
 0.39119279E+16
 0.38694730E+16
 0.38275432E+16
 0.37861307E+16
 0.37452278E+16
 0.37048272E+16
 0.36649213E+16
 0.36255030E+16
 0.35865652E+16
 0.35481009E+16
 0.35101033E+16
 0.34725655E+16
 0.34354810E+16
 0.33988434E+16
 0.33626461E+16
 0.33268829E+16
 0.32915478E+16
 0.32566345E+16
 0.32221372E+16
 0.31880499E+16
 0.31543670E+16
 0.31210828E+16
 0.30881918E+16
 0.30556883E+16
 0.30235672E+16
 0.29918231E+16
 0.29604508E+16
 0.29294452E+16
 0.28988012E+16
 0.28685140E+16
 0.28385787E+16
 0.28089905E+16
 0.27797446E+16
 0.27508366E+16
 0.27222617E+16
 0.26940156E+16
 0.26660939E+16
 0.26384922E+16
 0.26112062E+16
 0.25842318E+16
 0.25575648E+16
 0.25312012E+16
 0.25051369E+16
 0.24793681E+16
 0.24538909E+16
 0.24287014E+16
 0.24037960E+16
 0.23791708E+16
 0.23548223E+16
 0.23307469E+16
 0.23069411E+16
 0.22834014E+16
 0.22601244E+16
 0.22371067E+16
 0.22143450E+16
 0.21918361E+16
 0.21695767E+16
 0.21475637E+16
 0.21257939E+16
 0.21042643E+16
 0.20829719E+16
 0.20619137E+16
 0.20410867E+16
 0.20204881E+16
 0.20001150E+16
 0.19799646E+16
 0.19600341E+16
 0.19403208E+16
 0.19208221E+16
 0.19015353E+16
 0.18824578E+16
 0.18635869E+16
 0.18449203E+16
 0.18264553E+16
 0.18081896E+16
 0.17901207E+16
 0.17722462E+16
 0.17545637E+16
 0.17370710E+16
 0.17197658E+16
 0.17026457E+16
 0.16857086E+16
 0.16689523E+16
 0.16523746E+16
 0.16359734E+16
 0.16197465E+16
 0.16036920E+16
 0.15878077E+16
 0.15720917E+16
 0.15565419E+16
 0.15411565E+16
 0.15259334E+16
 0.15108707E+16
 0.14959666E+16
 0.14812193E+16
 0.14666268E+16
 0.14521874E+16
 0.14378993E+16
 0.14237608E+16
 0.14097700E+16
 0.13959254E+16
 0.13822251E+16
 0.13686676E+16
 0.13552513E+16
 0.13419743E+16
 0.13288353E+16
 0.13158326E+16
 0.13029646E+16
 0.12902298E+16
 0.12776268E+16
 0.12651539E+16
 0.12528097E+16
 0.12405928E+16
 0.12285017E+16
 0.12165350E+16
 0.12046913E+16
 0.11929692E+16
 0.11813673E+16
 0.11698844E+16
 0.11585190E+16
 0.11472698E+16
 0.11361356E+16
 0.11251151E+16
 0.11142070E+16
 0.11034100E+16
 0.10927229E+16
 0.10821446E+16
 0.10716737E+16
 0.10613092E+16
 0.10510498E+16
 0.10408944E+16
 0.10308418E+16
 0.10208909E+16
 0.10110406E+16
 0.10012899E+16
 0.99163749E+15
 0.98208244E+15
 0.97262367E+15
 0.96326011E+15
 0.95399074E+15
 0.94481454E+15
 0.93573049E+15
 0.92673760E+15
 0.91783488E+15
 0.90902135E+15
 0.90029606E+15
 0.89165806E+15
 0.88310640E+15
 0.87464016E+15
 0.86625843E+15
 0.85796029E+15
 0.84974485E+15
 0.84161123E+15
 0.83355856E+15
 0.82558597E+15
 0.81769262E+15
 0.80987765E+15
 0.80214023E+15
 0.79447955E+15
 0.78689479E+15
 0.77938515E+15
 0.77194983E+15
 0.76458804E+15
 0.75729902E+15
 0.75008200E+15
 0.74293621E+15
 0.73586091E+15
 0.72885537E+15
 0.72191884E+15
 0.71505061E+15
 0.70824995E+15
 0.70151618E+15
 0.69484858E+15
 0.68824647E+15
 0.68170916E+15
 0.67523599E+15
 0.66882627E+15
 0.66247937E+15
 0.65619461E+15
 0.64997136E+15
 0.64380899E+15
 0.63770686E+15
 0.63166435E+15
 0.62568085E+15
 0.61975574E+15
 0.61388843E+15
 0.60807832E+15
 0.60232482E+15
 0.59662735E+15
 0.59098534E+15
 0.58539821E+15
 0.57986541E+15
 0.57438638E+15
 0.56896057E+15
 0.56358744E+15
 0.55826644E+15
 0.55299706E+15
 0.54777875E+15
 0.54261101E+15
 0.53749331E+15
 0.53242515E+15
 0.52740603E+15
 0.52243545E+15
 0.51751291E+15
 0.51263794E+15
 0.50781004E+15
 0.50302875E+15
 0.49829359E+15
 0.49360410E+15
 0.48895981E+15
 0.48436028E+15
 0.47980505E+15
 0.47529367E+15
 0.47082571E+15
 0.46640073E+15
 0.46201829E+15
 0.45767797E+15
 0.45337936E+15
 0.44912202E+15
 0.44490555E+15
 0.44072954E+15
 0.43659359E+15
 0.43249729E+15
 0.42844025E+15
 0.42442208E+15
 0.42044239E+15
 0.41650079E+15
 0.41259692E+15
 0.40873039E+15
 0.40490084E+15
 0.40110789E+15
 0.39735118E+15
 0.39363035E+15
 0.38994506E+15
 0.38629494E+15
 0.38267965E+15
 0.37909884E+15
 0.37555218E+15
 0.37203932E+15
 0.36855993E+15
 0.36511369E+15
 0.36170026E+15
 0.35831932E+15
 0.35497056E+15
 0.35165365E+15
 0.34836829E+15
 0.34511416E+15
 0.34189095E+15
 0.33869837E+15
 0.33553610E+15
 0.33240387E+15
 0.32930136E+15
 0.32622829E+15
 0.32318438E+15
 0.32016933E+15
 0.31718286E+15
 0.31422470E+15
 0.31129457E+15
 0.30839219E+15
 0.30551729E+15
 0.30266962E+15
 0.29984889E+15
 0.29705485E+15
 0.29428724E+15
 0.29154580E+15
 0.28883028E+15
 0.28614042E+15
 0.28347598E+15
 0.28083671E+15
 0.27822236E+15
 0.27563269E+15
 0.27306747E+15
 0.27052646E+15
 0.26800942E+15
 0.26551611E+15
 0.26304632E+15
 0.26059981E+15
 0.25817636E+15
 0.25577574E+15
 0.25339774E+15
 0.25104214E+15
 0.24870871E+15
 0.24639725E+15
 0.24410754E+15
 0.24183938E+15
 0.23959256E+15
 0.23736687E+15
 0.23516210E+15
 0.23297806E+15
 0.23081455E+15
 0.22867137E+15
 0.22654833E+15
 0.22444522E+15
 0.22236187E+15
 0.22029808E+15
 0.21825365E+15
 0.21622842E+15
 0.21422219E+15
 0.21223478E+15
 0.21026600E+15
 0.20831570E+15
 0.20638367E+15
 0.20446976E+15
 0.20257378E+15
 0.20069557E+15
 0.19883495E+15
 0.19699177E+15
 0.19516584E+15
 0.19335701E+15
 0.19156511E+15
 0.18978999E+15
 0.18803147E+15
 0.18628941E+15
 0.18456365E+15
 0.18285402E+15
 0.18116039E+15
 0.17948259E+15
 0.17782047E+15
 0.17617389E+15
 0.17454269E+15
 0.17292674E+15
 0.17132588E+15
 0.16973998E+15
 0.16816889E+15
 0.16661246E+15
 0.16507057E+15
 0.16354307E+15
 0.16202983E+15
 0.16053070E+15
 0.15904557E+15
 0.15757428E+15
 0.15611672E+15
 0.15467276E+15
 0.15324226E+15
 0.15182509E+15
 0.15042114E+15
 0.14903027E+15
 0.14765236E+15
 0.14628729E+15
 0.14493494E+15
 0.14359519E+15
 0.14226791E+15
 0.14095300E+15
 0.13965033E+15
 0.13835979E+15
 0.13708126E+15
 0.13581463E+15
 0.13455979E+15
 0.13331662E+15
 0.13208502E+15
 0.13086488E+15
 0.12965609E+15
 0.12845854E+15
 0.12727213E+15
 0.12609674E+15
 0.12493229E+15
 0.12377866E+15
 0.12263575E+15
 0.12150347E+15
 0.12038171E+15
 0.11927037E+15
 0.11816935E+15
 0.11707856E+15
 0.11599791E+15
 0.11492729E+15
 0.11386661E+15
 0.11281578E+15
 0.11177471E+15
 0.11074330E+15
 0.10972147E+15
 0.10870912E+15
 0.10770616E+15
 0.10671251E+15
 0.10572808E+15
 0.10475279E+15
 0.10378654E+15
 0.10282925E+15
 0.10188084E+15
 0.10094123E+15
 0.10001033E+15
 0.99088055E+14
 0.98174336E+14
 0.97269087E+14
 0.96372228E+14
 0.95483682E+14
 0.94603370E+14
 0.93731216E+14
 0.92867143E+14
 0.92011075E+14
 0.91162938E+14
 0.90322657E+14
 0.89490160E+14
 0.88665372E+14
 0.87848223E+14
 0.87038640E+14
 0.86236553E+14
 0.85441893E+14
 0.84654589E+14
 0.83874573E+14
 0.83101776E+14
 0.82336132E+14
 0.81577574E+14
 0.80826036E+14
 0.80081451E+14
 0.79343755E+14
 0.78612885E+14
 0.77888775E+14
 0.77171364E+14
 0.76460588E+14
 0.75756386E+14
 0.75058697E+14
 0.74367459E+14
 0.73682613E+14
 0.73004099E+14
 0.72331858E+14
 0.71665832E+14
 0.71005963E+14
 0.70352193E+14
 0.69704465E+14
 0.69062724E+14
 0.68426914E+14
 0.67796979E+14
 0.67172864E+14
 0.66554517E+14
 0.65941882E+14
 0.65334907E+14
 0.64733539E+14
 0.64137726E+14
 0.63547416E+14
 0.62962558E+14
 0.62383102E+14
 0.61808997E+14
 0.61240193E+14
 0.60676642E+14
 0.60118293E+14
 0.59565100E+14
 0.59017014E+14
 0.58473988E+14
 0.57935974E+14
 0.57402926E+14
 0.56874799E+14
 0.56351545E+14
 0.55833121E+14
 0.55319481E+14
 0.54810580E+14
 0.54306376E+14
 0.53806823E+14
 0.53311880E+14
 0.52821503E+14
 0.52335649E+14
 0.51854278E+14
 0.51377347E+14
 0.50904815E+14
 0.50436641E+14
 0.49972786E+14
 0.49513208E+14
 0.49057868E+14
 0.48606728E+14
 0.48159747E+14
 0.47716888E+14
 0.47278112E+14
 0.46843382E+14
 0.46412659E+14
 0.45985908E+14
 0.45563090E+14
 0.45144170E+14
 0.44729111E+14
 0.44317878E+14
 0.43910435E+14
 0.43506747E+14
 0.43106780E+14
 0.42710498E+14
 0.42317869E+14
 0.41928857E+14
 0.41543430E+14
 0.41161554E+14
 0.40783197E+14
 0.40408325E+14
 0.40036907E+14
 0.39668911E+14
 0.39304305E+14
 0.38943058E+14
 0.38585138E+14
 0.38230514E+14
 0.37879158E+14
 0.37531037E+14
 0.37186122E+14
 0.36844384E+14
 0.36505793E+14
 0.36170320E+14
 0.35837937E+14
 0.35508613E+14
 0.35182323E+14
 0.34859036E+14
 0.34538727E+14
 0.34221366E+14
 0.33906927E+14
 0.33595383E+14
 0.33286707E+14
 0.32980872E+14
 0.32677853E+14
 0.32377623E+14
 0.32080156E+14
 0.31785428E+14
 0.31493412E+14
 0.31204084E+14
 0.30917418E+14
 0.30633391E+14
 0.30351978E+14
 0.30073154E+14
 0.29796897E+14
 0.29523181E+14
 0.29251984E+14
 0.28983282E+14
 0.28717053E+14
 0.28453274E+14
 0.28191921E+14
 0.27932973E+14
 0.27676407E+14
 0.27422201E+14
 0.27170335E+14
 0.26920785E+14
 0.26673530E+14
 0.26428551E+14
 0.26185824E+14
 0.25945330E+14
 0.25707049E+14
 0.25470959E+14
 0.25237040E+14
 0.25005273E+14
 0.24775638E+14
 0.24548114E+14
 0.24322683E+14
 0.24099325E+14
 0.23878021E+14
 0.23658752E+14
 0.23441499E+14
 0.23226244E+14
 0.23012969E+14
 0.22801654E+14
 0.22592283E+14
 0.22384836E+14
 0.22179297E+14
 0.21975648E+14
 0.21773871E+14
 0.21573949E+14
 0.21375865E+14
 0.21179602E+14
 0.20985143E+14
 0.20792472E+14
 0.20601572E+14
 0.20412427E+14
 0.20225020E+14
 0.20039337E+14
 0.19855360E+14
 0.19673074E+14
 0.19492463E+14
 0.19313513E+14
 0.19136207E+14
 0.18960531E+14
 0.18786469E+14
 0.18614008E+14
 0.18443131E+14
 0.18273824E+14
 0.18106074E+14
 0.17939865E+14
 0.17775184E+14
 0.17612015E+14
 0.17450347E+14
 0.17290164E+14
 0.17131452E+14
 0.16974199E+14
 0.16818391E+14
 0.16664015E+14
 0.16511057E+14
 0.16359505E+14
 0.16209345E+14
 0.16060564E+14
 0.15913151E+14
 0.15767092E+14
 0.15622375E+14
 0.15478987E+14
 0.15336917E+14
 0.15196152E+14
 0.15056680E+14
 0.14918489E+14
 0.14781568E+14
 0.14645904E+14
 0.14511487E+14
 0.14378304E+14
 0.14246345E+14
 0.14115598E+14
 0.13986052E+14
 0.13857696E+14
 0.13730519E+14
 0.13604510E+14
 0.13479659E+14
 0.13355954E+14
 0.13233385E+14
 0.13111942E+14
 0.12991615E+14
 0.12872393E+14
 0.12754265E+14
 0.12637223E+14
 0.12521255E+14
 0.12406353E+14
 0.12292505E+14
 0.12179703E+14
 0.12067938E+14
 0.11957198E+14
 0.11847475E+14
 0.11738760E+14
 0.11631044E+14
 0.11524316E+14
 0.11418569E+14
 0.11313792E+14
 0.11209978E+14
 0.11107117E+14
 0.11005200E+14
 0.10904220E+14
 0.10804166E+14
 0.10705031E+14
 0.10606807E+14
 0.10509484E+14
 0.10413055E+14
 0.10317511E+14
 0.10222844E+14
 0.10129047E+14
 0.10036111E+14
 0.99440276E+13
 0.98527901E+13
 0.97623901E+13
 0.96728201E+13
 0.95840724E+13
 0.94961395E+13
 0.94090138E+13
 0.93226880E+13
 0.92371547E+13
 0.91524066E+13
 0.90684365E+13
 0.89852372E+13
 0.89028017E+13
 0.88211229E+13
 0.87401939E+13
 0.86600079E+13
 0.85805579E+13
 0.85018372E+13
 0.84238391E+13
 0.83465569E+13
 0.82699842E+13
 0.81941143E+13
 0.81189409E+13
 0.80444574E+13
 0.79706576E+13
 0.78975352E+13
 0.78250840E+13
 0.77532978E+13
 0.76821705E+13
 0.76116960E+13
 0.75418683E+13
 0.74726816E+13
 0.74041299E+13
 0.73362073E+13
 0.72689081E+13
 0.72022266E+13
 0.71361571E+13
 0.70706940E+13
 0.70058317E+13
 0.69415646E+13
 0.68778874E+13
 0.68147946E+13
 0.67522808E+13
 0.66903407E+13
 0.66289690E+13
 0.65681606E+13
 0.65079102E+13
 0.64482128E+13
 0.63890632E+13
 0.63304564E+13
 0.62723874E+13
 0.62148514E+13
 0.61578433E+13
 0.61013584E+13
 0.60453918E+13
 0.59899387E+13
 0.59349946E+13
 0.58805546E+13
 0.58266142E+13
 0.57731688E+13
 0.57202138E+13
 0.56677448E+13
 0.56157571E+13
 0.55642466E+13
 0.55132087E+13
 0.54626391E+13
 0.54125335E+13
 0.53628877E+13
 0.53136974E+13
 0.52649585E+13
 0.52166668E+13
 0.51688182E+13
 0.51214086E+13
 0.50744341E+13
 0.50278905E+13
 0.49817740E+13
 0.49360807E+13
 0.48908066E+13
 0.48459479E+13
 0.48015007E+13
 0.47574614E+13
 0.47138261E+13
 0.46705912E+13
 0.46277530E+13
 0.45853078E+13
 0.45432520E+13
 0.45015821E+13
 0.44602945E+13
 0.44193857E+13
 0.43788522E+13
 0.43386906E+13
 0.42988975E+13
 0.42594694E+13
 0.42204031E+13
 0.41816952E+13
 0.41433424E+13
 0.41053415E+13
 0.40676891E+13
 0.40303823E+13
 0.39934177E+13
 0.39567921E+13
 0.39205027E+13
 0.38845461E+13
 0.38489194E+13
 0.38136195E+13
 0.37786435E+13
 0.37439883E+13
 0.37096510E+13
 0.36756288E+13
 0.36419186E+13
 0.36085178E+13
 0.35754233E+13
 0.35426324E+13
 0.35101423E+13
 0.34779503E+13
 0.34460536E+13
 0.34144494E+13
 0.33831352E+13
 0.33521083E+13
 0.33213660E+13
 0.32909057E+13
 0.32607248E+13
 0.32308207E+13
 0.32011910E+13
 0.31718331E+13
 0.31427445E+13
 0.31139227E+13
 0.30853653E+13
 0.30570698E+13
 0.30290339E+13
 0.30012552E+13
 0.29737313E+13
 0.29464598E+13
 0.29194385E+13
 0.28926651E+13
 0.28661373E+13
 0.28398528E+13
 0.28138093E+13
 0.27880048E+13
 0.27624370E+13
 0.27371037E+13
 0.27120028E+13
 0.26871321E+13
 0.26624895E+13
 0.26380729E+13
 0.26138804E+13
 0.25899097E+13
 0.25661589E+13
 0.25426259E+13
 0.25193088E+13
 0.24962056E+13
 0.24733143E+13
 0.24506329E+13
 0.24281596E+13
 0.24058924E+13
 0.23838294E+13
 0.23619688E+13
 0.23403087E+13
 0.23188473E+13
 0.22975827E+13
 0.22765132E+13
 0.22556369E+13
 0.22349521E+13
 0.22144570E+13
 0.21941499E+13
 0.21740290E+13
 0.21540927E+13
 0.21343392E+13
 0.21147669E+13
 0.20953741E+13
 0.20761592E+13
 0.20571205E+13
 0.20382565E+13
 0.20195654E+13
 0.20010458E+13
 0.19826960E+13
 0.19645145E+13
 0.19464998E+13
 0.19286503E+13
 0.19109645E+13
 0.18934409E+13
 0.18760781E+13
 0.18588744E+13
 0.18418286E+13
 0.18249391E+13
 0.18082044E+13
 0.17916233E+13
 0.17751942E+13
 0.17589158E+13
 0.17427867E+13
 0.17268056E+13
 0.17109709E+13
 0.16952816E+13
 0.16797361E+13
 0.16643331E+13
 0.16490715E+13
 0.16339498E+13
 0.16189668E+13
 0.16041211E+13
 0.15894117E+13
 0.15748371E+13
 0.15603962E+13
 0.15460878E+13
 0.15319105E+13
 0.15178633E+13
 0.15039449E+13
 0.14901542E+13
 0.14764899E+13
 0.14629510E+13
 0.14495362E+13
 0.14362444E+13
 0.14230745E+13
 0.14100254E+13
 0.13970960E+13
 0.13842852E+13
 0.13715918E+13
 0.13590148E+13
 0.13465532E+13
 0.13342059E+13
 0.13219718E+13
 0.13098498E+13
 0.12978391E+13
 0.12859385E+13
 0.12741470E+13
 0.12624637E+13
 0.12508875E+13
 0.12394175E+13
 0.12280526E+13
 0.12167920E+13
 0.12056347E+13
 0.11945796E+13
 0.11836260E+13
 0.11727728E+13
 0.11620191E+13
 0.11513640E+13
 0.11408067E+13
 0.11303461E+13
 0.11199815E+13
 0.11097119E+13
 0.10995366E+13
 0.10894545E+13
 0.10794649E+13
 0.10695668E+13
 0.10597596E+13
 0.10500423E+13
 0.10404141E+13
 0.10308742E+13
 0.10214218E+13
 0.10120560E+13
 0.10027761E+13
 0.99358139E+12
 0.98447094E+12
 0.97544404E+12
 0.96649992E+12
 0.95763781E+12
 0.94885698E+12
 0.94015666E+12
 0.93153613E+12
 0.92299465E+12
 0.91453149E+12
 0.90614594E+12
 0.89783728E+12
 0.88960482E+12
 0.88144785E+12
 0.87336568E+12
 0.86535762E+12
 0.85742299E+12
 0.84956113E+12
 0.84177135E+12
 0.83405301E+12
 0.82640545E+12
 0.81882801E+12
 0.81132006E+12
 0.80388095E+12
 0.79651006E+12
 0.78920676E+12
 0.78197043E+12
 0.77480045E+12
 0.76769623E+12
 0.76065714E+12
 0.75368261E+12
 0.74677203E+12
 0.73992481E+12
 0.73314039E+12
 0.72641818E+12
 0.71975760E+12
 0.71315810E+12
 0.70661912E+12
 0.70014010E+12
 0.69372049E+12
 0.68735975E+12
 0.68105733E+12
 0.67481270E+12
 0.66862533E+12
 0.66249470E+12
 0.65642029E+12
 0.65040157E+12
 0.64443805E+12
 0.63852920E+12
 0.63267454E+12
 0.62687357E+12
 0.62112578E+12
 0.61543070E+12
 0.60978785E+12
 0.60419673E+12
 0.59865688E+12
 0.59316783E+12
 0.58772912E+12
 0.58234027E+12
 0.57700084E+12
 0.57171036E+12
 0.56646840E+12
 0.56127450E+12
 0.55612823E+12
 0.55102915E+12
 0.54597682E+12
 0.54097082E+12
 0.53601072E+12
 0.53109610E+12
 0.52622655E+12
 0.52140164E+12
 0.51662098E+12
 0.51188416E+12
 0.50719077E+12
 0.50254041E+12
 0.49793270E+12
 0.49336723E+12
 0.48884363E+12
 0.48436150E+12
 0.47992047E+12
 0.47552017E+12
 0.47116021E+12
 0.46684023E+12
 0.46255986E+12
 0.45831874E+12
 0.45411651E+12
 0.44995281E+12
 0.44582728E+12
 0.44173959E+12
 0.43768937E+12
 0.43367630E+12
 0.42970002E+12
 0.42576020E+12
 0.42185650E+12
 0.41798860E+12
 0.41415616E+12
 0.41035887E+12
 0.40659639E+12
 0.40286841E+12
 0.39917462E+12
 0.39551469E+12
 0.39188832E+12
 0.38829520E+12
 0.38473503E+12
 0.38120750E+12
 0.37771232E+12
 0.37424918E+12
 0.37081780E+12
 0.36741788E+12
 0.36404914E+12
 0.36071128E+12
 0.35740403E+12
 0.35412710E+12
 0.35088022E+12
 0.34766311E+12
 0.34447550E+12
 0.34131711E+12
 0.33818769E+12
 0.33508696E+12
 0.33201466E+12
 0.32897053E+12
 0.32595431E+12
 0.32296575E+12
 0.32000459E+12
 0.31707058E+12
 0.31416347E+12
 0.31128302E+12
 0.30842897E+12
 0.30560110E+12
 0.30279916E+12
 0.30002291E+12
 0.29727211E+12
 0.29454653E+12
 0.29184595E+12
 0.28917012E+12
 0.28651884E+12
 0.28389186E+12
 0.28128896E+12
 0.27870994E+12
 0.27615456E+12
 0.27362261E+12
 0.27111387E+12
 0.26862814E+12
 0.26616520E+12
 0.26372484E+12
 0.26130686E+12
 0.25891105E+12
 0.25653720E+12
 0.25418512E+12
 0.25185461E+12
 0.24954546E+12
 0.24725749E+12
 0.24499049E+12
 0.24274428E+12
 0.24051867E+12
 0.23831346E+12
 0.23612847E+12
 0.23396352E+12
 0.23181841E+12
 0.22969298E+12
 0.22758703E+12
 0.22550039E+12
 0.22343288E+12
 0.22138433E+12
 0.21935456E+12
 0.21734340E+12
 0.21535068E+12
 0.21337624E+12
 0.21141989E+12
 0.20948149E+12
 0.20756085E+12
 0.20565783E+12
 0.20377225E+12
 0.20190397E+12
 0.20005281E+12
 0.19821863E+12
 0.19640126E+12
 0.19460055E+12
 0.19281636E+12
 0.19104853E+12
 0.18929690E+12
 0.18756133E+12
 0.18584168E+12
 0.18413779E+12
 0.18244953E+12
 0.18077675E+12
 0.17911930E+12
 0.17747705E+12
 0.17584986E+12
 0.17423758E+12
 0.17264009E+12
 0.17105725E+12
 0.16948892E+12
 0.16793497E+12
 0.16639526E+12
 0.16486967E+12
 0.16335807E+12
 0.16186033E+12
 0.16037633E+12
 0.15890592E+12
 0.15744900E+12
 0.15600544E+12
 0.15457512E+12
 0.15315790E+12
 0.15175369E+12
 0.15036234E+12
 0.14898376E+12
 0.14761781E+12
 0.14626439E+12
 0.14492337E+12
 0.14359465E+12
 0.14227812E+12
 0.14097365E+12
 0.13968115E+12
 0.13840049E+12
 0.13713158E+12
 0.13587430E+12
 0.13462855E+12
 0.13339422E+12
 0.13217121E+12
 0.13095941E+12
 0.12975872E+12
 0.12856904E+12
 0.12739027E+12
 0.12622231E+12
 0.12506505E+12
 0.12391840E+12
 0.12278227E+12
 0.12165656E+12
 0.12054116E+12
 0.11943599E+12
 0.11834096E+12
 0.11725597E+12
 0.11618092E+12
 0.11511573E+12
 0.11406030E+12
 0.11301456E+12
 0.11197840E+12
 0.11095174E+12
 0.10993449E+12
 0.10892657E+12
 0.10792789E+12
 0.10693837E+12
 0.10595792E+12
 0.10498646E+12
 0.10402391E+12
 0.10307018E+12
 0.10212519E+12
 0.10118887E+12
 0.10026114E+12
 0.99341909E+11
 0.98431108E+11
 0.97528657E+11
 0.96634481E+11
 0.95748502E+11
 0.94870647E+11
 0.94000841E+11
 0.93139009E+11
 0.92285079E+11
 0.91438978E+11
 0.90600635E+11
 0.89769978E+11
 0.88946937E+11
 0.88131442E+11
 0.87323424E+11
 0.86522814E+11
 0.85729545E+11
 0.84943548E+11
 0.84164758E+11
 0.83393109E+11
 0.82628534E+11
 0.81870969E+11
 0.81120350E+11
 0.80376613E+11
 0.79639695E+11
 0.78909533E+11
 0.78186066E+11
 0.77469232E+11
 0.76758970E+11
 0.76055220E+11
 0.75357922E+11
 0.74667018E+11
 0.73982448E+11
 0.73304154E+11
 0.72632079E+11
 0.71966167E+11
 0.71306359E+11
 0.70652601E+11
 0.70004837E+11
 0.69363012E+11
 0.68727072E+11
 0.68096962E+11
 0.67472629E+11
 0.66854020E+11
 0.66241083E+11
 0.65633766E+11
 0.65032016E+11
 0.64435784E+11
 0.63845019E+11
 0.63259669E+11
 0.62679687E+11
 0.62105022E+11
 0.61535626E+11
 0.60971450E+11
 0.60412447E+11
 0.59858569E+11
 0.59309769E+11
 0.58766001E+11
 0.58227218E+11
 0.57693375E+11
 0.57164426E+11
 0.56640327E+11
 0.56121034E+11
 0.55606501E+11
 0.55096686E+11
 0.54591545E+11
 0.54091035E+11
 0.53595114E+11
 0.53103740E+11
 0.52616871E+11
 0.52134466E+11
 0.51656484E+11
 0.51182884E+11
 0.50713626E+11
 0.50248670E+11
 0.49787978E+11
 0.49331509E+11
 0.48879225E+11
 0.48431088E+11
 0.47987060E+11
 0.47547102E+11
 0.47111179E+11
 0.46679252E+11
 0.46251285E+11
 0.45827242E+11
 0.45407086E+11
 0.44990783E+11
 0.44578297E+11
 0.44169592E+11
 0.43764634E+11
 0.43363390E+11
 0.42965824E+11
 0.42571903E+11
 0.42181594E+11
 0.41794863E+11
 0.41411678E+11
 0.41032006E+11
 0.40655815E+11
 0.40283073E+11
 0.39913748E+11
 0.39547810E+11
 0.39185226E+11
 0.38825967E+11
 0.38470002E+11
 0.38117300E+11
 0.37767832E+11
 0.37421568E+11
 0.37078479E+11
 0.36738535E+11
 0.36401708E+11
 0.36067969E+11
 0.35737290E+11
 0.35409642E+11
 0.35084999E+11
 0.34763332E+11
 0.34444614E+11
 0.34128818E+11
 0.33815918E+11
 0.33505886E+11
 0.33198697E+11
 0.32894325E+11
 0.32592742E+11
 0.32293925E+11
 0.31997848E+11
 0.31704485E+11
 0.31413811E+11
 0.31125803E+11
 0.30840435E+11
 0.30557683E+11
 0.30277524E+11
 0.29999934E+11
 0.29724888E+11
 0.29452364E+11
 0.29182339E+11
 0.28914789E+11
 0.28649693E+11
 0.28387027E+11
 0.28126769E+11
 0.27868897E+11
 0.27613389E+11
 0.27360224E+11
 0.27109380E+11
 0.26860836E+11
 0.26614571E+11
 0.26370563E+11
 0.26128792E+11
 0.25889239E+11
 0.25651881E+11
 0.25416700E+11
 0.25183674E+11
 0.24952786E+11
 0.24724014E+11
 0.24497339E+11
 0.24272743E+11
 0.24050206E+11
 0.23829709E+11
 0.23611234E+11
 0.23394762E+11
 0.23180274E+11
 0.22967753E+11
 0.22757180E+11
 0.22548538E+11
 0.22341809E+11
 0.22136976E+11
 0.21934020E+11
 0.21732925E+11
 0.21533673E+11
 0.21336249E+11
 0.21140634E+11
 0.20946813E+11
 0.20754769E+11
 0.20564485E+11
 0.20375946E+11
 0.20189136E+11
 0.20004039E+11
 0.19820638E+11
 0.19638919E+11
 0.19458866E+11
 0.19280464E+11
 0.19103697E+11
 0.18928551E+11
 0.18755011E+11
 0.18583062E+11
 0.18412689E+11
 0.18243878E+11
 0.18076615E+11
 0.17910886E+11
 0.17746676E+11
 0.17583971E+11
 0.17422759E+11
 0.17263024E+11
 0.17104753E+11
 0.16947934E+11
 0.16792553E+11
 0.16638596E+11
 0.16486051E+11
 0.16334904E+11
 0.16185143E+11
 0.16036755E+11
 0.15889727E+11
 0.15744047E+11
 0.15599703E+11
 0.15456683E+11
 0.15314974E+11
 0.15174563E+11
 0.15035441E+11
 0.14897593E+11
 0.14761010E+11
 0.14625679E+11
 0.14491588E+11
 0.14358727E+11
 0.14227084E+11
 0.14096648E+11
 0.13967407E+11
 0.13839352E+11
 0.13712471E+11
 0.13586753E+11
 0.13462187E+11
 0.13338764E+11
 0.13216472E+11
 0.13095301E+11
 0.12975242E+11
 0.12856283E+11
 0.12738414E+11
 0.12621627E+11
 0.12505910E+11
 0.12391254E+11
 0.12277649E+11
 0.12165086E+11
 0.12053554E+11
 0.11943046E+11
 0.11833550E+11
 0.11725058E+11
 0.11617561E+11
 0.11511050E+11
 0.11405515E+11
 0.11300947E+11
 0.11197339E+11
 0.11094680E+11
 0.10992962E+11
 0.10892177E+11
 0.10792316E+11
 0.10693371E+11
 0.10595332E+11
