# su numc         je-cap (rev 296)                                            
 0.80222305E+26 0.10591882E+26
 0.80118277E+26 0.10543093E+26
 0.80014682E+26 0.10494517E+26
 0.79911654E+26 0.10446159E+26
 0.79809087E+26 0.10398017E+26
 0.79707031E+26 0.10350094E+26
 0.79605491E+26 0.10302377E+26
 0.79504458E+26 0.10254871E+26
 0.79403899E+26 0.10207575E+26
 0.79303811E+26 0.10160483E+26
 0.79204258E+26 0.10113606E+26
 0.79105160E+26 0.10066938E+26
 0.79006550E+26 0.10020480E+26
 0.78908462E+26 0.99742224E+25
 0.78810855E+26 0.99281702E+25
 0.78713687E+26 0.98823252E+25
 0.78617027E+26 0.98366816E+25
 0.78520871E+26 0.97912407E+25
 0.78425160E+26 0.97459991E+25
 0.78329929E+26 0.97009630E+25
 0.78235170E+26 0.96561275E+25
 0.78140883E+26 0.96114909E+25
 0.78047061E+26 0.95670502E+25
 0.77953709E+26 0.95228104E+25
 0.77860821E+26 0.94787667E+25
 0.77768394E+26 0.94349168E+25
 0.77676429E+26 0.93912640E+25
 0.77584920E+26 0.93478029E+25
 0.77493868E+26 0.93045342E+25
 0.77403273E+26 0.92614574E+25
 0.77313098E+26 0.92185758E+25
 0.77223436E+26 0.91758829E+25
 0.77134201E+26 0.91333812E+25
 0.77045404E+26 0.90910667E+25
 0.76957010E+26 0.90489428E+25
 0.76869151E+26 0.90070048E+25
 0.76781655E+26 0.89652419E+25
 0.76694654E+26 0.89236889E+25
 0.76608078E+26 0.88823113E+25
 0.76521926E+26 0.88411156E+25
 0.76436199E+26 0.88000922E+25
 0.76350895E+26 0.87592760E+25
 0.76266074E+26 0.87186293E+25
 0.76181606E+26 0.86781551E+25
 0.76097651E+26 0.86378799E+25
 0.76014066E+26 0.85977727E+25
 0.75930908E+26 0.85578292E+25
 0.75848191E+26 0.85180966E+25
 0.75765871E+26 0.84785232E+25
 0.75683962E+26 0.84391279E+25
 0.75602490E+26 0.83999103E+25
 0.75521438E+26 0.83608644E+25
 0.75440783E+26 0.83219948E+25
 0.75360522E+26 0.82833009E+25
 0.75280690E+26 0.82447633E+25
 0.75201275E+26 0.82064292E+25
 0.75122243E+26 0.81682459E+25
 0.75043609E+26 0.81302398E+25
 0.74965386E+26 0.80923897E+25
 0.74887526E+26 0.80547311E+25
 0.74810127E+26 0.80172291E+25
 0.74733107E+26 0.79798950E+25
 0.74656465E+26 0.79427279E+25
 0.74580215E+26 0.79057264E+25
 0.74504360E+26 0.78688889E+25
 0.74428875E+26 0.78322175E+25
 0.74353783E+26 0.77957112E+25
 0.74279088E+26 0.77593645E+25
 0.74204756E+26 0.77231849E+25
 0.74130812E+26 0.76871642E+25
 0.74057241E+26 0.76513079E+25
 0.73984048E+26 0.76156082E+25
 0.73911235E+26 0.75800724E+25
 0.73838792E+26 0.75446928E+25
 0.73766802E+26 0.75094717E+25
 0.73694996E+26 0.74744053E+25
 0.73623670E+26 0.74394900E+25
 0.73552748E+26 0.74047531E+25
 0.73482167E+26 0.73701559E+25
 0.73411884E+26 0.73357147E+25
 0.73342042E+26 0.73014328E+25
 0.73272439E+26 0.72673016E+25
 0.73203267E+26 0.72333220E+25
 0.73134522E+26 0.71994973E+25
 0.73065963E+26 0.71658229E+25
 0.72997862E+26 0.71322978E+25
 0.72930069E+26 0.70989246E+25
 0.72862648E+26 0.70657010E+25
 0.72795608E+26 0.70326275E+25
 0.72728878E+26 0.69997001E+25
 0.72662490E+26 0.69669216E+25
 0.72596428E+26 0.69342771E+25
 0.72530693E+26 0.69018035E+25
 0.72465353E+26 0.68694629E+25
 0.72400314E+26 0.68372693E+25
 0.72335594E+26 0.68052209E+25
 0.72271228E+26 0.67733150E+25
 0.72207166E+26 0.67415522E+25
 0.72143465E+26 0.67099311E+25
 0.72080038E+26 0.66784520E+25
 0.72016967E+26 0.66471151E+25
 0.71954263E+26 0.66159191E+25
 0.71891795E+26 0.65848627E+25
 0.71829715E+26 0.65539464E+25
 0.71767922E+26 0.65231680E+25
 0.71706420E+26 0.64925124E+25
 0.71645277E+26 0.64620271E+25
 0.71584426E+26 0.64316617E+25
 0.71523881E+26 0.64014331E+25
 0.71463727E+26 0.63713379E+25
 0.71403713E+26 0.63413812E+25
 0.71344165E+26 0.63115595E+25
 0.71284766E+26 0.62818723E+25
 0.71225714E+26 0.62523150E+25
 0.71167098E+26 0.62228928E+25
 0.71108576E+26 0.61936082E+25
 0.71050470E+26 0.61644482E+25
 0.70992604E+26 0.61354223E+25
 0.70935137E+26 0.61065251E+25
 0.70877892E+26 0.60777588E+25
 0.70820945E+26 0.60491219E+25
 0.70764275E+26 0.60206110E+25
 0.70707879E+26 0.59922341E+25
 0.70651771E+26 0.59639817E+25
 0.70595936E+26 0.59358547E+25
 0.70540370E+26 0.59078447E+25
 0.70485109E+26 0.58799865E+25
 0.70430127E+26 0.58522409E+25
 0.70375295E+26 0.58246200E+25
 0.70320918E+26 0.57971158E+25
 0.70266777E+26 0.57697478E+25
 0.70212791E+26 0.57424989E+25
 0.70159149E+26 0.57153721E+25
 0.70105858E+26 0.56883669E+25
 0.70052668E+26 0.56614841E+25
 0.69999824E+26 0.56347218E+25
 0.69947321E+26 0.56080805E+25
 0.69894983E+26 0.55815583E+25
 0.69842843E+26 0.55551557E+25
 0.69791111E+26 0.55288737E+25
 0.69739552E+26 0.55027091E+25
 0.69688156E+26 0.54766619E+25
 0.69637207E+26 0.54507334E+25
 0.69586379E+26 0.54249207E+25
 0.69535819E+26 0.53992262E+25
 0.69485399E+26 0.53736456E+25
 0.69435439E+26 0.53481791E+25
 0.69385615E+26 0.53228299E+25
 0.69335943E+26 0.52975959E+25
 0.69286670E+26 0.52724740E+25
 0.69237469E+26 0.52474662E+25
 0.69188595E+26 0.52225691E+25
 0.69139926E+26 0.51977875E+25
 0.69091529E+26 0.51731170E+25
 0.69043351E+26 0.51485588E+25
 0.68995396E+26 0.51241081E+25
 0.68947749E+26 0.50997696E+25
 0.68900145E+26 0.50755361E+25
 0.68852859E+26 0.50514220E+25
 0.68805800E+26 0.50274115E+25
 0.68759065E+26 0.50035084E+25
 0.68712431E+26 0.49797159E+25
 0.68666013E+26 0.49560275E+25
 0.68619753E+26 0.49324493E+25
 0.68573881E+26 0.49089760E+25
 0.68528111E+26 0.48856092E+25
 0.68482553E+26 0.48623481E+25
 0.68437208E+26 0.48391918E+25
 0.68392008E+26 0.48161396E+25
 0.68347072E+26 0.47931906E+25
 0.68302416E+26 0.47703386E+25
 0.68257876E+26 0.47476075E+25
 0.68213483E+26 0.47249697E+25
 0.68169450E+26 0.47024348E+25
 0.68125511E+26 0.46800014E+25
 0.68081698E+26 0.46576619E+25
 0.68038251E+26 0.46354382E+25
 0.67994897E+26 0.46133066E+25
 0.67951586E+26 0.45912754E+25
 0.67908744E+26 0.45693440E+25
 0.67865922E+26 0.45475132E+25
 0.67823353E+26 0.45257806E+25
 0.67780860E+26 0.45041455E+25
 0.67738724E+26 0.44826085E+25
 0.67696659E+26 0.44611696E+25
 0.67654777E+26 0.44398271E+25
 0.67613104E+26 0.44185810E+25
 0.67571501E+26 0.43974316E+25
 0.67530226E+26 0.43763777E+25
 0.67488928E+26 0.43554195E+25
 0.67447985E+26 0.43345546E+25
 0.67407153E+26 0.43137860E+25
 0.67366474E+26 0.42931042E+25
 0.67325982E+26 0.42725288E+25
 0.67285645E+26 0.42520400E+25
 0.67245540E+26 0.42316446E+25
 0.67205474E+26 0.42113411E+25
 0.67165602E+26 0.41911307E+25
 0.67126003E+26 0.41710095E+25
 0.67086463E+26 0.41509805E+25
 0.67047063E+26 0.41310423E+25
 0.67007834E+26 0.41111942E+25
 0.66968706E+26 0.40914372E+25
 0.66929848E+26 0.40717683E+25
 0.66891060E+26 0.40521894E+25
 0.66852332E+26 0.40326982E+25
 0.66813970E+26 0.40132959E+25
 0.66775597E+26 0.39939825E+25
 0.66737336E+26 0.39747550E+25
 0.66699359E+26 0.39556156E+25
 0.66661454E+26 0.39365620E+25
 0.66623665E+26 0.39175955E+25
 0.66586028E+26 0.38987156E+25
 0.66548472E+26 0.38799182E+25
 0.66510998E+26 0.38612104E+25
 0.66473703E+26 0.38425839E+25
 0.66436749E+26 0.38240446E+25
 0.66399777E+26 0.38055872E+25
 0.66362876E+26 0.37872154E+25
 0.66326145E+26 0.37689242E+25
 0.66289571E+26 0.37507194E+25
 0.66253018E+26 0.37325938E+25
 0.66216659E+26 0.37145523E+25
 0.66180442E+26 0.36965933E+25
 0.66092441E+26 0.36787129E+25
 0.66056464E+26 0.36609164E+25
 0.66021247E+26 0.36432006E+25
 0.66036566E+26 0.36255645E+25
 0.66000866E+26 0.36080090E+25
 0.65965350E+26 0.35905301E+25
 0.65929928E+26 0.35731345E+25
 0.65894513E+26 0.35558163E+25
 0.65859299E+26 0.35385688E+25
 0.65824156E+26 0.35214149E+25
 0.65789064E+26 0.35043317E+25
 0.65754136E+26 0.34873210E+25
 0.65719348E+26 0.34703973E+25
 0.65684556E+26 0.34535445E+25
 0.65649975E+26 0.34367688E+25
 0.65615417E+26 0.34200694E+25
 0.65580952E+26 0.34034459E+25
 0.65546578E+26 0.33868989E+25
 0.65512291E+26 0.33704254E+25
 0.65478032E+26 0.33540273E+25
 0.65444002E+26 0.33377035E+25
 0.65410014E+26 0.33214542E+25
 0.65376088E+26 0.33052786E+25
 0.65342271E+26 0.32891754E+25
 0.65308510E+26 0.32731474E+25
 0.65274738E+26 0.32571913E+25
 0.65241205E+26 0.32413064E+25
 0.65207680E+26 0.32254880E+25
 0.65174246E+26 0.32097494E+25
 0.65140867E+26 0.31940883E+25
 0.65107570E+26 0.31784914E+25
 0.65074340E+26 0.31629655E+25
 0.65041166E+26 0.31475085E+25
 0.65008058E+26 0.31321242E+25
 0.64975059E+26 0.31168039E+25
 0.64942129E+26 0.31015629E+25
 0.64909232E+26 0.30863863E+25
 0.64876311E+26 0.30712790E+25
 0.64843623E+26 0.30562395E+25
 0.64810927E+26 0.30412696E+25
 0.64778287E+26 0.30263672E+25
 0.64745678E+26 0.30115327E+25
 0.64713150E+26 0.29967653E+25
 0.64680665E+26 0.29820655E+25
 0.64648219E+26 0.29674313E+25
 0.64615838E+26 0.29528650E+25
 0.64583548E+26 0.29383641E+25
 0.64551191E+26 0.29239306E+25
 0.64519024E+26 0.29095619E+25
 0.64486790E+26 0.28952585E+25
 0.64454654E+26 0.28810199E+25
 0.64422563E+26 0.28668460E+25
 0.64390556E+26 0.28527369E+25
 0.64358517E+26 0.28386919E+25
 0.64326545E+26 0.28247110E+25
 0.64294596E+26 0.28107934E+25
 0.64262681E+26 0.27969394E+25
 0.64230755E+26 0.27831482E+25
 0.64198997E+26 0.27694198E+25
 0.64167095E+26 0.27557540E+25
 0.64135398E+26 0.27421502E+25
 0.64103663E+26 0.27286084E+25
 0.36735059E+26 0.27151281E+25
 0.29072684E+26 0.27017094E+25
 0.29105841E+26 0.26883514E+25
 0.55665139E+26 0.26750545E+25
 0.63945237E+26 0.26618180E+25
 0.63913662E+26 0.26486388E+25
 0.63882040E+26 0.26355256E+25
 0.63850468E+26 0.26224690E+25
 0.63818889E+26 0.26094719E+25
 0.63787366E+26 0.25965339E+25
 0.63755930E+26 0.25836548E+25
 0.63724356E+26 0.25708345E+25
 0.63692946E+26 0.25580725E+25
 0.63661313E+26 0.25453684E+25
 0.63629819E+26 0.25327224E+25
 0.63598375E+26 0.25201341E+25
 0.63566893E+26 0.25076030E+25
 0.63535453E+26 0.24951288E+25
 0.63503968E+26 0.24827114E+25
 0.63472552E+26 0.24703509E+25
 0.63441090E+26 0.24580466E+25
 0.63409582E+26 0.24457979E+25
 0.63378034E+26 0.24336053E+25
 0.63346639E+26 0.24214683E+25
 0.63315110E+26 0.24093866E+25
 0.63283518E+26 0.23973596E+25
 0.63252078E+26 0.23853877E+25
 0.63220646E+26 0.23734706E+25
 0.63189117E+26 0.23616074E+25
 0.63157547E+26 0.23497936E+25
 0.63125938E+26 0.23380428E+25
 0.63094339E+26 0.23263409E+25
 0.63062807E+26 0.23146927E+25
 0.63031202E+26 0.23030975E+25
 0.62999447E+26 0.22915517E+25
 0.62967951E+26 0.22800654E+25
 0.62936110E+26 0.22686278E+25
 0.62904531E+26 0.22572424E+25
 0.62872832E+26 0.22459090E+25
 0.62841014E+26 0.22346270E+25
 0.62809199E+26 0.22233967E+25
 0.62777454E+26 0.22122176E+25
 0.62745587E+26 0.22010894E+25
 0.62713582E+26 0.21900119E+25
 0.62681761E+26 0.21789849E+25
 0.62649738E+26 0.21680083E+25
 0.62617829E+26 0.21570815E+25
 0.62585676E+26 0.21462047E+25
 0.62553608E+26 0.21353774E+25
 0.62521486E+26 0.21245997E+25
 0.62489483E+26 0.21138711E+25
 0.62457182E+26 0.21031914E+25
 0.62425016E+26 0.20925600E+25
 0.62392710E+26 0.20819774E+25
 0.62360228E+26 0.20714430E+25
 0.62327923E+26 0.20609569E+25
 0.62295425E+26 0.20505183E+25
 0.62263001E+26 0.20401272E+25
 0.62230341E+26 0.20297841E+25
 0.62197773E+26 0.20194872E+25
 0.62165096E+26 0.20092379E+25
 0.62132367E+26 0.19990354E+25
 0.62099607E+26 0.19888793E+25
 0.62066700E+26 0.19787696E+25
 0.62033807E+26 0.19687060E+25
 0.62001578E+26 0.19586882E+25
 0.61967619E+26 0.19487162E+25
 0.61934543E+26 0.19387899E+25
 0.61901399E+26 0.19289087E+25
 0.61868052E+26 0.19190726E+25
 0.61834627E+26 0.19092815E+25
 0.61801162E+26 0.18995350E+25
 0.61767621E+26 0.18898328E+25
 0.61734141E+26 0.18801747E+25
 0.61700504E+26 0.18705614E+25
 0.61666914E+26 0.18609915E+25
 0.61632962E+26 0.18514654E+25
 0.61599169E+26 0.18419826E+25
 0.61565136E+26 0.18325433E+25
 0.61531100E+26 0.18231470E+25
 0.61496889E+26 0.18137937E+25
 0.61462674E+26 0.18044832E+25
 0.61428289E+26 0.17952146E+25
 0.61393891E+26 0.17859890E+25
 0.61359325E+26 0.17768051E+25
 0.61324723E+26 0.17676631E+25
 0.61289973E+26 0.17585632E+25
 0.61255204E+26 0.17495045E+25
 0.61220183E+26 0.17404871E+25
 0.61185214E+26 0.17315115E+25
 0.61150092E+26 0.17225763E+25
 0.61114861E+26 0.17136792E+25
 0.61079563E+26 0.17048285E+25
 0.61044114E+26 0.16960153E+25
 0.61008459E+26 0.16872424E+25
 0.60972712E+26 0.16785067E+25
 0.60936963E+26 0.16698165E+25
 0.60901116E+26 0.16611631E+25
 0.60865024E+26 0.16525495E+25
 0.60828983E+26 0.16439752E+25
 0.60792662E+26 0.16354400E+25
 0.60756292E+26 0.16269438E+25
 0.60719685E+26 0.16184864E+25
 0.60683092E+26 0.16100642E+25
 0.60646441E+26 0.16016876E+25
 0.60609480E+26 0.15933454E+25
 0.60572534E+26 0.15850416E+25
 0.60535409E+26 0.15767756E+25
 0.60498042E+26 0.15685474E+25
 0.60460716E+26 0.15603571E+25
 0.60423126E+26 0.15522040E+25
 0.60385505E+26 0.15440881E+25
 0.60347667E+26 0.15360097E+25
 0.60309654E+26 0.15279678E+25
 0.60271616E+26 0.15199629E+25
 0.60233366E+26 0.15119944E+25
 0.60194962E+26 0.15040622E+25
 0.60156434E+26 0.14961669E+25
 0.60117721E+26 0.14883043E+25
 0.60078921E+26 0.14804836E+25
 0.60039867E+26 0.14726958E+25
 0.60000801E+26 0.14649409E+25
 0.59961315E+26 0.14572253E+25
 0.59921954E+26 0.14495454E+25
 0.59882376E+26 0.14418990E+25
 0.59842587E+26 0.14342880E+25
 0.59802583E+26 0.14267113E+25
 0.59762388E+26 0.14191696E+25
 0.59722261E+26 0.14116621E+25
 0.59681786E+26 0.14041891E+25
 0.59641274E+26 0.13967506E+25
 0.59600359E+26 0.13893459E+25
 0.59559508E+26 0.13819749E+25
 0.59518477E+26 0.13746382E+25
 0.59476981E+26 0.13673326E+25
 0.59435539E+26 0.13600648E+25
 0.59393967E+26 0.13528282E+25
 0.59352137E+26 0.13456248E+25
 0.59310256E+26 0.13384543E+25
 0.59267770E+26 0.13313164E+25
 0.59225429E+26 0.13242117E+25
 0.59183036E+26 0.13171394E+25
 0.59140339E+26 0.13100993E+25
 0.59097444E+26 0.13030917E+25
 0.59054013E+26 0.12961160E+25
 0.59010933E+26 0.12891723E+25
 0.58967472E+26 0.12822608E+25
 0.58923755E+26 0.12753808E+25
 0.58879843E+26 0.12685322E+25
 0.58835645E+26 0.12617151E+25
 0.58791395E+26 0.12549293E+25
 0.58746756E+26 0.12481746E+25
 0.58702067E+26 0.12414511E+25
 0.58656900E+26 0.12347583E+25
 0.58611850E+26 0.12280962E+25
 0.58566639E+26 0.12214646E+25
 0.58521022E+26 0.12148635E+25
 0.58475218E+26 0.12082928E+25
 0.58429439E+26 0.12017524E+25
 0.58383228E+26 0.11952416E+25
 0.58336826E+26 0.11887610E+25
 0.58290126E+26 0.11823102E+25
 0.58243036E+26 0.11758890E+25
 0.58196232E+26 0.11694951E+25
 0.58148848E+26 0.11631350E+25
 0.58101416E+26 0.11568020E+25
 0.58053643E+26 0.11504982E+25
 0.58005588E+26 0.11442232E+25
 0.57957424E+26 0.11379771E+25
 0.57908992E+26 0.11317599E+25
 0.57860239E+26 0.11255695E+25
 0.57811332E+26 0.11194087E+25
 0.57762235E+26 0.11132791E+25
 0.57712823E+26 0.11071730E+25
 0.57663099E+26 0.11010980E+25
 0.57613233E+26 0.10950525E+25
 0.57563123E+26 0.10890308E+25
 0.57512843E+26 0.10830410E+25
 0.57462241E+26 0.10770768E+25
 0.57411373E+26 0.10711401E+25
 0.57360268E+26 0.10652305E+25
 0.57308919E+26 0.10593485E+25
 0.57257298E+26 0.10534937E+25
 0.57205343E+26 0.10476646E+25
 0.57153260E+26 0.10418646E+25
 0.57100901E+26 0.10360904E+25
 0.57047945E+26 0.10303427E+25
 0.56995236E+26 0.10246217E+25
 0.56941937E+26 0.10189261E+25
 0.56888728E+26 0.10132580E+25
 0.56835104E+26 0.10076166E+25
 0.56781154E+26 0.10020011E+25
 0.56726880E+26 0.99641108E+24
 0.56672384E+26 0.99084691E+24
 0.56617755E+26 0.98530890E+24
 0.56562481E+26 0.97979625E+24
 0.56507408E+26 0.97430879E+24
 0.56451868E+26 0.96884741E+24
 0.56396003E+26 0.96341082E+24
 0.56339838E+26 0.95799735E+24
 0.56283432E+26 0.95261373E+24
 0.56226789E+26 0.94725265E+24
 0.56169819E+26 0.94191650E+24
 0.56112583E+26 0.93660514E+24
 0.56054987E+26 0.93131844E+24
 0.55997201E+26 0.92605629E+24
 0.55938987E+26 0.92081819E+24
 0.55880630E+26 0.91560531E+24
 0.55821907E+26 0.91041626E+24
 0.55763080E+26 0.90525135E+24
 0.55703776E+26 0.90011049E+24
 0.55644273E+26 0.89499362E+24
 0.55584424E+26 0.88990059E+24
 0.55524243E+26 0.88483130E+24
 0.55463690E+26 0.87978561E+24
 0.55403054E+26 0.87476354E+24
 0.55342035E+26 0.86976485E+24
 0.55280757E+26 0.86478956E+24
 0.55219120E+26 0.85983754E+24
 0.55157147E+26 0.85490859E+24
 0.55094890E+26 0.85000279E+24
 0.55032297E+26 0.84511987E+24
 0.54969442E+26 0.84025984E+24
 0.54906312E+26 0.83542259E+24
 0.54842826E+26 0.83060801E+24
 0.54779046E+26 0.82581601E+24
 0.54714941E+26 0.82104646E+24
 0.54650695E+26 0.81629936E+24
 0.54585896E+26 0.81157451E+24
 0.54520856E+26 0.80687189E+24
 0.54455548E+26 0.80219137E+24
 0.54389960E+26 0.79753289E+24
 0.54323918E+26 0.79289634E+24
 0.54257633E+26 0.78828160E+24
 0.54191095E+26 0.78368867E+24
 0.54124218E+26 0.77911735E+24
 0.54057055E+26 0.77456760E+24
 0.53989463E+26 0.77003935E+24
 0.53921409E+26 0.76553253E+24
 0.52408646E+26 0.76104700E+24
 0.52326900E+26 0.75658270E+24
 0.52372463E+26 0.75213953E+24
 0.53646646E+26 0.74771743E+24
 0.53577507E+26 0.74331627E+24
 0.53507613E+26 0.73893600E+24
 0.53437594E+26 0.73457652E+24
 0.53367094E+26 0.73023776E+24
 0.53296367E+26 0.72591962E+24
 0.53225234E+26 0.72162202E+24
 0.53153819E+26 0.71734500E+24
 0.53081896E+26 0.71308817E+24
 0.53009897E+26 0.70885185E+24
 0.52937606E+26 0.70463565E+24
 0.52864765E+26 0.70043951E+24
 0.52791801E+26 0.69626357E+24
 0.52718396E+26 0.69210754E+24
 0.52644662E+26 0.68797148E+24
 0.52570530E+26 0.68385520E+24
 0.52496139E+26 0.67975868E+24
 0.52421464E+26 0.67568182E+24
 0.52346424E+26 0.67162463E+24
 0.52271033E+26 0.66758692E+24
 0.52195025E+26 0.66356864E+24
 0.52119191E+26 0.65956972E+24
 0.52042860E+26 0.65559009E+24
 0.51965844E+26 0.65162968E+24
 0.51889168E+26 0.64768841E+24
 0.51811802E+26 0.64376620E+24
 0.51733919E+26 0.63986297E+24
 0.51655959E+26 0.63597868E+24
 0.51577616E+26 0.63211324E+24
 0.51498955E+26 0.62826657E+24
 0.49709818E+26 0.62443860E+24
 0.49361493E+26 0.62062925E+24
 0.49283748E+26 0.61683847E+24
 0.50190890E+26 0.61306617E+24
 0.51100133E+26 0.60931231E+24
 0.51019379E+26 0.60557679E+24
 0.50938686E+26 0.60185956E+24
 0.50857300E+26 0.59816054E+24
 0.50775509E+26 0.59447967E+24
 0.50693571E+26 0.59081688E+24
 0.50611244E+26 0.58717208E+24
 0.50528569E+26 0.58354523E+24
 0.50445545E+26 0.57993626E+24
 0.50362202E+26 0.57634510E+24
 0.50278423E+26 0.57277168E+24
 0.50194293E+26 0.56921594E+24
 0.50109889E+26 0.56567781E+24
 0.50025274E+26 0.56215723E+24
 0.49940548E+26 0.55865413E+24
 0.49854917E+26 0.55516845E+24
 0.49769533E+26 0.55170012E+24
 0.49683606E+26 0.54824908E+24
 0.49597341E+26 0.54481527E+24
 0.49510552E+26 0.54139862E+24
 0.49423585E+26 0.53799909E+24
 0.49336520E+26 0.53461663E+24
 0.49248930E+26 0.53125116E+24
 0.49160980E+26 0.52790259E+24
 0.49072842E+26 0.52457085E+24
 0.42152272E+26 0.52125591E+24
 0.38966661E+26 0.51795773E+24
 0.38887489E+26 0.51467621E+24
 0.46530019E+26 0.51141130E+24
 0.48626956E+26 0.50816288E+24
 0.48536600E+26 0.50493098E+24
 0.48446396E+26 0.50171551E+24
 0.48355366E+26 0.49851646E+24
 0.48264548E+26 0.49533371E+24
 0.48173235E+26 0.49216723E+24
 0.48081505E+26 0.48901694E+24
 0.47989274E+26 0.48588283E+24
 0.47897274E+26 0.48276481E+24
 0.47804683E+26 0.47966279E+24
 0.47711728E+26 0.47657677E+24
 0.47618626E+26 0.47350666E+24
 0.47525109E+26 0.47045237E+24
 0.47431255E+26 0.46741398E+24
 0.47337199E+26 0.46439133E+24
 0.47242715E+26 0.46138437E+24
 0.47148063E+26 0.45839307E+24
 0.47053130E+26 0.45541735E+24
 0.46957650E+26 0.45245717E+24
 0.46862249E+26 0.44951246E+24
 0.46766258E+26 0.44658317E+24
 0.46670063E+26 0.44366926E+24
 0.46573963E+26 0.44077068E+24
 0.46477060E+26 0.43788735E+24
 0.46380188E+26 0.43501922E+24
 0.46282722E+26 0.43216626E+24
 0.46185165E+26 0.42932840E+24
 0.46087325E+26 0.42650558E+24
 0.45989276E+26 0.42369779E+24
 0.45891028E+26 0.42090491E+24
 0.45792175E+26 0.41812696E+24
 0.45693630E+26 0.41536381E+24
 0.45594301E+26 0.41261548E+24
 0.45494762E+26 0.40988189E+24
 0.45395094E+26 0.40716300E+24
 0.45295037E+26 0.40445871E+24
 0.45194898E+26 0.40176900E+24
 0.45094361E+26 0.39909386E+24
 0.44993711E+26 0.39643317E+24
 0.44892545E+26 0.39378690E+24
 0.44791387E+26 0.39115503E+24
 0.44689923E+26 0.38853749E+24
 0.44588287E+26 0.38593422E+24
 0.44486183E+26 0.38334519E+24
 0.44384012E+26 0.38077033E+24
 0.41112440E+26 0.37820960E+24
 0.41010686E+26 0.37566295E+24
 0.41208986E+26 0.37313031E+24
 0.43972760E+26 0.37061165E+24
 0.43869421E+26 0.36810694E+24
 0.43765776E+26 0.36561611E+24
 0.43662057E+26 0.36313907E+24
 0.43557846E+26 0.36067584E+24
 0.43453479E+26 0.35822633E+24
 0.43348899E+26 0.35579050E+24
 0.43244345E+26 0.35336825E+24
 0.43139727E+26 0.35095971E+24
 0.43034288E+26 0.34856463E+24
 0.42928904E+26 0.34618303E+24
 0.42823316E+26 0.34381486E+24
 0.42717765E+26 0.34146008E+24
 0.42611879E+26 0.33911864E+24
 0.42505654E+26 0.33679048E+24
 0.42399185E+26 0.33447556E+24
 0.42292727E+26 0.33217382E+24
 0.42185966E+26 0.32988524E+24
 0.42078943E+26 0.32760975E+24
 0.41971956E+26 0.32534730E+24
 0.41864577E+26 0.32309780E+24
 0.41757057E+26 0.32086131E+24
 0.41649634E+26 0.31863772E+24
 0.41541734E+26 0.31642704E+24
 0.41433629E+26 0.31422905E+24
 0.41325514E+26 0.31204387E+24
 0.41217372E+26 0.30987140E+24
 0.41038750E+26 0.30771160E+24
 0.40921710E+26 0.30556442E+24
 0.40813279E+26 0.30342979E+24
 0.40782501E+26 0.30130768E+24
 0.40673364E+26 0.29919804E+24
 0.40564082E+26 0.29710081E+24
 0.40454773E+26 0.29501596E+24
 0.40345175E+26 0.29294343E+24
 0.40235578E+26 0.29088317E+24
 0.39198482E+26 0.28883515E+24
 0.38481953E+26 0.28679932E+24
 0.38374457E+26 0.28477559E+24
 0.39332137E+26 0.28276397E+24
 0.39685277E+26 0.28076438E+24
 0.39574874E+26 0.27877677E+24
 0.39464277E+26 0.27680111E+24
 0.39353443E+26 0.27483733E+24
 0.39242802E+26 0.27288541E+24
 0.39131804E+26 0.27094528E+24
 0.39020818E+26 0.26901691E+24
 0.38909845E+26 0.26710023E+24
 0.38798629E+26 0.26519520E+24
 0.38687283E+26 0.26330178E+24
 0.38575929E+26 0.26141992E+24
 0.38464525E+26 0.25954957E+24
 0.38352933E+26 0.25769068E+24
 0.38241295E+26 0.25584321E+24
 0.38129574E+26 0.25400709E+24
 0.38017644E+26 0.25218230E+24
 0.37905920E+26 0.25036878E+24
 0.37793862E+26 0.24856649E+24
 0.37681767E+26 0.24677535E+24
 0.37569491E+26 0.24499536E+24
 0.37457552E+26 0.24322644E+24
 0.37345289E+26 0.24146856E+24
 0.37084325E+26 0.23972165E+24
 0.36968310E+26 0.23798568E+24
 0.36860200E+26 0.23626061E+24
 0.36895927E+26 0.23454637E+24
 0.36783400E+26 0.23284292E+24
 0.36670782E+26 0.23115021E+24
 0.36558313E+26 0.22946820E+24
 0.36445819E+26 0.22779685E+24
 0.34375026E+26 0.22613609E+24
 0.34253971E+26 0.22448589E+24
 0.34273029E+26 0.22284620E+24
 0.35995019E+26 0.22121695E+24
 0.35882340E+26 0.21959812E+24
 0.35769598E+26 0.21798965E+24
 0.35656751E+26 0.21639151E+24
 0.35543912E+26 0.21480363E+24
 0.35431209E+26 0.21322596E+24
 0.35318502E+26 0.21165846E+24
 0.35205910E+26 0.21010109E+24
 0.35092940E+26 0.20855380E+24
 0.34980106E+26 0.20701653E+24
 0.34867310E+26 0.20548925E+24
 0.34754586E+26 0.20397191E+24
 0.34641658E+26 0.20246444E+24
 0.34529026E+26 0.20096682E+24
 0.34416244E+26 0.19947899E+24
 0.34303443E+26 0.19800090E+24
 0.34190896E+26 0.19653251E+24
 0.34078206E+26 0.19507377E+24
 0.33965554E+26 0.19362463E+24
 0.33852971E+26 0.19218504E+24
 0.33740386E+26 0.19075497E+24
 0.33627823E+26 0.18933435E+24
 0.33515313E+26 0.18792314E+24
 0.33402890E+26 0.18652129E+24
 0.33290542E+26 0.18512876E+24
 0.33178106E+26 0.18374549E+24
 0.31573509E+26 0.18237146E+24
 0.31455563E+26 0.18100660E+24
 0.31454060E+26 0.17965088E+24
 0.32729212E+26 0.17830424E+24
 0.32617121E+26 0.17696663E+24
 0.32505163E+26 0.17563801E+24
 0.32393226E+26 0.17431834E+24
 0.32281352E+26 0.17300756E+24
 0.32169563E+26 0.17170564E+24
 0.32057724E+26 0.17041252E+24
 0.31946159E+26 0.16912816E+24
 0.31834598E+26 0.16785251E+24
 0.31723103E+26 0.16658553E+24
 0.31611706E+26 0.16532716E+24
 0.31500482E+26 0.16407736E+24
 0.31389154E+26 0.16283610E+24
 0.31278158E+26 0.16160331E+24
 0.31166964E+26 0.16037895E+24
 0.31056017E+26 0.15916298E+24
 0.30945218E+26 0.15795536E+24
 0.30834576E+26 0.15675603E+24
 0.30723998E+26 0.15556495E+24
 0.30613512E+26 0.15438208E+24
 0.30503080E+26 0.15320738E+24
 0.30392650E+26 0.15204078E+24
 0.30282395E+26 0.15088225E+24
 0.30172268E+26 0.14973175E+24
 0.30062262E+26 0.14858923E+24
 0.29952503E+26 0.14745466E+24
 0.29842846E+26 0.14632796E+24
 0.29733297E+26 0.14520912E+24
 0.29624008E+26 0.14409807E+24
 0.29514536E+26 0.14299479E+24
 0.29405483E+26 0.14189921E+24
 0.29296304E+26 0.14081131E+24
 0.29187359E+26 0.13973103E+24
 0.29078603E+26 0.13865833E+24
 0.28970147E+26 0.13759317E+24
 0.28861454E+26 0.13653550E+24
 0.28753174E+26 0.13548528E+24
 0.28644968E+26 0.13444247E+24
 0.28536977E+26 0.13340702E+24
 0.28429011E+26 0.13237889E+24
 0.28321295E+26 0.13135803E+24
 0.28213710E+26 0.13034440E+24
 0.28106402E+26 0.12933797E+24
 0.27998926E+26 0.12833869E+24
 0.27892036E+26 0.12734651E+24
 0.27482660E+26 0.12636138E+24
 0.27232030E+26 0.12538328E+24
 0.27126955E+26 0.12441216E+24
 0.27407619E+26 0.12344797E+24
 0.27358720E+26 0.12249068E+24
 0.27252594E+26 0.12154024E+24
 0.27146681E+26 0.12059661E+24
 0.27041085E+26 0.11965975E+24
 0.26935355E+26 0.11872962E+24
 0.26830003E+26 0.11780617E+24
 0.26724749E+26 0.11688937E+24
 0.26619823E+26 0.11597918E+24
 0.26515005E+26 0.11507554E+24
 0.26410157E+26 0.11417843E+24
 0.26305735E+26 0.11328780E+24
 0.26201470E+26 0.11240362E+24
 0.26097313E+26 0.11152583E+24
 0.25993501E+26 0.11065442E+24
 0.25889586E+26 0.10978931E+24
 0.25786184E+26 0.10893050E+24
 0.25682853E+26 0.10807792E+24
 0.25579770E+26 0.10723155E+24
 0.25476898E+26 0.10639135E+24
 0.25374072E+26 0.10555728E+24
 0.25271526E+26 0.10472928E+24
 0.25169263E+26 0.10390734E+24
 0.25067267E+26 0.10309140E+24
 0.24965325E+26 0.10228144E+24
 0.24863551E+26 0.10147741E+24
 0.24761944E+26 0.10067927E+24
 0.24660728E+26 0.99886995E+23
 0.24559649E+26 0.99100536E+23
 0.24458813E+26 0.98319860E+23
 0.24358082E+26 0.97544927E+23
 0.24257693E+26 0.96775702E+23
 0.24157463E+26 0.96012147E+23
 0.24057476E+26 0.95254225E+23
 0.23957721E+26 0.94501900E+23
 0.23858157E+26 0.93755134E+23
 0.23758923E+26 0.93013892E+23
 0.23659857E+26 0.92278142E+23
 0.23560813E+26 0.91547838E+23
 0.23462145E+26 0.90822946E+23
 0.23363828E+26 0.90103438E+23
 0.23265483E+26 0.89389274E+23
 0.23167493E+26 0.88680420E+23
 0.23069723E+26 0.87976839E+23
 0.22972098E+26 0.87278497E+23
 0.22874880E+26 0.86585360E+23
 0.22777845E+26 0.85897391E+23
 0.22680957E+26 0.85214557E+23
 0.22584479E+26 0.84536824E+23
 0.22487981E+26 0.83864157E+23
 0.22391961E+26 0.83196523E+23
 0.22296067E+26 0.82533887E+23
 0.22200273E+26 0.81876216E+23
 0.22104866E+26 0.81223477E+23
 0.22009706E+26 0.80575636E+23
 0.21914729E+26 0.79932660E+23
 0.21820100E+26 0.79294516E+23
 0.21725530E+26 0.78661172E+23
 0.21631310E+26 0.78032595E+23
 0.21537297E+26 0.77408752E+23
 0.21443567E+26 0.76789612E+23
 0.21350111E+26 0.76175143E+23
 0.21256860E+26 0.75565312E+23
 0.21163782E+26 0.74960088E+23
 0.21071009E+26 0.74359436E+23
 0.20978432E+26 0.73763330E+23
 0.20886199E+26 0.73171736E+23
 0.20794193E+26 0.72584626E+23
 0.20702369E+26 0.72001965E+23
 0.20610855E+26 0.71423725E+23
 0.18734089E+26 0.70849872E+23
 0.17108737E+26 0.70280380E+23
 0.17036605E+26 0.69715218E+23
 0.19518645E+26 0.69154353E+23
 0.20156913E+26 0.68597758E+23
 0.20066907E+26 0.68045402E+23
 0.19977124E+26 0.67497255E+23
 0.19887583E+26 0.66953289E+23
 0.19798303E+26 0.66413474E+23
 0.19709299E+26 0.65877781E+23
 0.19620505E+26 0.65346182E+23
 0.19530826E+26 0.64818647E+23
 0.19258733E+26 0.64295148E+23
 0.19171824E+26 0.63775661E+23
 0.19129666E+26 0.63260146E+23
 0.19180515E+26 0.62748586E+23
 0.19093254E+26 0.62240950E+23
 0.19006366E+26 0.61737211E+23
 0.18919536E+26 0.61237343E+23
 0.18833128E+26 0.60741313E+23
 0.18746992E+26 0.60249097E+23
 0.18660903E+26 0.59760668E+23
 0.18575222E+26 0.59275999E+23
 0.18489874E+26 0.58795063E+23
 0.18404636E+26 0.58317834E+23
 0.18319696E+26 0.57844286E+23
 0.18235046E+26 0.57374392E+23
 0.18150639E+26 0.56908126E+23
 0.18066571E+26 0.56445462E+23
 0.17982660E+26 0.55986375E+23
 0.17899102E+26 0.55530838E+23
 0.17815658E+26 0.55078827E+23
 0.17732556E+26 0.54630317E+23
 0.17649711E+26 0.54185281E+23
 0.17567111E+26 0.53743695E+23
 0.17484796E+26 0.53305535E+23
 0.17402738E+26 0.52870775E+23
 0.17320942E+26 0.52439391E+23
 0.17239412E+26 0.52011359E+23
 0.17158140E+26 0.51586654E+23
 0.17077150E+26 0.51165253E+23
 0.16996378E+26 0.50747131E+23
 0.16915878E+26 0.50332265E+23
 0.16835721E+26 0.49920632E+23
 0.16755684E+26 0.49512207E+23
 0.16675999E+26 0.49106967E+23
 0.16596544E+26 0.48704890E+23
 0.16517353E+26 0.48305953E+23
 0.16438464E+26 0.47910132E+23
 0.16359798E+26 0.47517404E+23
 0.16281360E+26 0.47127748E+23
 0.16203198E+26 0.46741141E+23
 0.16125402E+26 0.46357560E+23
 0.16047787E+26 0.45976983E+23
 0.15970383E+26 0.45599389E+23
 0.15893298E+26 0.45224755E+23
 0.15816496E+26 0.44853060E+23
 0.15739999E+26 0.44484283E+23
 0.15663633E+26 0.44118401E+23
 0.15587602E+26 0.43755393E+23
 0.15511791E+26 0.43395239E+23
 0.15436284E+26 0.43037917E+23
 0.15360991E+26 0.42683407E+23
 0.15286040E+26 0.42331688E+23
 0.15211289E+26 0.41982738E+23
 0.15136855E+26 0.41636539E+23
 0.15062606E+26 0.41293068E+23
 0.14988633E+26 0.40952307E+23
 0.14915068E+26 0.40614236E+23
 0.14841534E+26 0.40278833E+23
 0.14768384E+26 0.39946080E+23
 0.14695487E+26 0.39615956E+23
 0.14622822E+26 0.39288443E+23
 0.14550445E+26 0.38963520E+23
 0.14478296E+26 0.38641169E+23
 0.14406398E+26 0.38321371E+23
 0.14334750E+26 0.38004105E+23
 0.14263441E+26 0.37689355E+23
 0.14192375E+26 0.37377100E+23
 0.14121535E+26 0.37067322E+23
 0.14050961E+26 0.36760003E+23
 0.13980637E+26 0.36455124E+23
 0.13910629E+26 0.36152667E+23
 0.13840775E+26 0.35852613E+23
 0.13771236E+26 0.35554946E+23
 0.13701924E+26 0.35259647E+23
 0.13632912E+26 0.34966698E+23
 0.13564143E+26 0.34676081E+23
 0.13495623E+26 0.34387779E+23
 0.13427346E+26 0.34101775E+23
 0.13359336E+26 0.33818052E+23
 0.13291616E+26 0.33536591E+23
 0.13224121E+26 0.33257377E+23
 0.13156870E+26 0.32980392E+23
 0.13089870E+26 0.32705619E+23
 0.13023135E+26 0.32433042E+23
 0.12956686E+26 0.32162644E+23
 0.12890468E+26 0.31894408E+23
 0.12824477E+26 0.31628319E+23
 0.12758780E+26 0.31364360E+23
 0.12693320E+26 0.31102515E+23
 0.12628112E+26 0.30842767E+23
 0.12563157E+26 0.30585102E+23
 0.12498445E+26 0.30329503E+23
 0.12433997E+26 0.30075954E+23
 0.12369767E+26 0.29824441E+23
 0.12305857E+26 0.29574946E+23
 0.12242174E+26 0.29327456E+23
 0.12178687E+26 0.29081955E+23
 0.12115464E+26 0.28838427E+23
 0.12052532E+26 0.28596859E+23
 0.11989806E+26 0.28357233E+23
 0.11927340E+26 0.28119537E+23
 0.11865156E+26 0.27883755E+23
 0.11803220E+26 0.27649873E+23
 0.11741497E+26 0.27417876E+23
 0.11680061E+26 0.27187749E+23
 0.11618813E+26 0.26959479E+23
 0.11557839E+26 0.26733050E+23
 0.11497094E+26 0.26508450E+23
 0.11436614E+26 0.26285664E+23
 0.11376395E+26 0.26064678E+23
 0.11316399E+26 0.25845478E+23
 0.11256636E+26 0.25628051E+23
 0.11197145E+26 0.25412383E+23
 0.11137865E+26 0.25198461E+23
 0.11078819E+26 0.24986270E+23
 0.11020088E+26 0.24775798E+23
 0.10961548E+26 0.24567032E+23
 0.10903253E+26 0.24359957E+23
 0.10845237E+26 0.24154563E+23
 0.10787365E+26 0.23950834E+23
 0.10729796E+26 0.23748759E+23
 0.10672460E+26 0.23548325E+23
 0.10615366E+26 0.23349519E+23
 0.10558524E+26 0.23152329E+23
 0.10501903E+26 0.22956741E+23
 0.10445554E+26 0.22762744E+23
 0.10389372E+26 0.22570325E+23
 0.10333464E+26 0.22379473E+23
 0.10277789E+26 0.22190174E+23
 0.10222351E+26 0.22002417E+23
 0.10167147E+26 0.21816190E+23
 0.10112164E+26 0.21631482E+23
 0.10057427E+26 0.21448279E+23
 0.10002929E+26 0.21266571E+23
 0.99486715E+25 0.21086346E+23
 0.98946314E+25 0.20907592E+23
 0.98408077E+25 0.20730299E+23
 0.97872354E+25 0.20554454E+23
 0.97338891E+25 0.20380046E+23
 0.96807745E+25 0.20207065E+23
 0.96278913E+25 0.20035498E+23
 0.95752481E+25 0.19865336E+23
 0.95228023E+25 0.19696566E+23
 0.94706163E+25 0.19529179E+23
 0.94186314E+25 0.19363162E+23
 0.93668824E+25 0.19198507E+23
 0.93153761E+25 0.19035201E+23
 0.92640830E+25 0.18873235E+23
 0.92129963E+25 0.18712598E+23
 0.91621526E+25 0.18553280E+23
 0.91115294E+25 0.18395269E+23
 0.90611571E+25 0.18238557E+23
 0.90109999E+25 0.18083132E+23
 0.89610146E+25 0.17928985E+23
 0.89112684E+25 0.17776105E+23
 0.88617571E+25 0.17624483E+23
 0.88124792E+25 0.17474109E+23
 0.87633929E+25 0.17324973E+23
 0.87145543E+25 0.17177065E+23
 0.86659076E+25 0.17030376E+23
 0.86174935E+25 0.16884896E+23
 0.85693097E+25 0.16740615E+23
 0.85213250E+25 0.16597524E+23
 0.84735459E+25 0.16455613E+23
 0.84260194E+25 0.16314874E+23
 0.83787004E+25 0.16175297E+23
 0.83315508E+25 0.16036873E+23
 0.82846331E+25 0.15899593E+23
 0.82379509E+25 0.15763447E+23
 0.81914687E+25 0.15628427E+23
 0.81451842E+25 0.15494524E+23
 0.80991358E+25 0.15361729E+23
 0.80532835E+25 0.15230033E+23
 0.80076465E+25 0.15099428E+23
 0.79622552E+25 0.14969905E+23
 0.79170089E+25 0.14841454E+23
 0.78719900E+25 0.14714069E+23
 0.78271967E+25 0.14587740E+23
 0.77825901E+25 0.14462459E+23
 0.77382160E+25 0.14338218E+23
 0.76940125E+25 0.14215007E+23
 0.76500332E+25 0.14092820E+23
 0.76062682E+25 0.13971649E+23
 0.75626890E+25 0.13851484E+23
 0.75193278E+25 0.13732317E+23
 0.74761627E+25 0.13614142E+23
 0.74332063E+25 0.13496950E+23
 0.73904338E+25 0.13380733E+23
 0.73478746E+25 0.13265484E+23
 0.73054996E+25 0.13151194E+23
 0.72633489E+25 0.13037857E+23
 0.72213839E+25 0.12925464E+23
 0.71796068E+25 0.12814007E+23
 0.71380380E+25 0.12703481E+23
 0.70966756E+25 0.12593876E+23
 0.70554920E+25 0.12485186E+23
 0.70145104E+25 0.12377403E+23
 0.69737357E+25 0.12270520E+23
 0.69331425E+25 0.12164530E+23
 0.68927351E+25 0.12059426E+23
 0.68525316E+25 0.11955200E+23
 0.68125187E+25 0.11851845E+23
 0.67726998E+25 0.11749356E+23
 0.67330688E+25 0.11647723E+23
 0.66936374E+25 0.11546942E+23
 0.66543803E+25 0.11447004E+23
 0.66153287E+25 0.11347903E+23
 0.65764551E+25 0.11249633E+23
 0.65377641E+25 0.11152187E+23
 0.64992645E+25 0.11055557E+23
 0.64609623E+25 0.10959738E+23
 0.64228300E+25 0.10864723E+23
 0.63848906E+25 0.10770505E+23
 0.63471423E+25 0.10677078E+23
 0.63095706E+25 0.10584436E+23
 0.62721825E+25 0.10492572E+23
 0.62349777E+25 0.10401480E+23
 0.61979542E+25 0.10311154E+23
 0.61611113E+25 0.10221587E+23
 0.61244495E+25 0.10132774E+23
 0.60879678E+25 0.10044708E+23
 0.60516657E+25 0.99573840E+22
 0.60155446E+25 0.98707948E+22
 0.59796048E+25 0.97849350E+22
 0.59438322E+25 0.96997987E+22
 0.59082663E+25 0.96153799E+22
 0.58728237E+25 0.95316729E+22
 0.58375871E+25 0.94486719E+22
 0.58025230E+25 0.93663712E+22
 0.57676312E+25 0.92847650E+22
 0.57329148E+25 0.92038478E+22
 0.56983720E+25 0.91236139E+22
 0.56640011E+25 0.90440578E+22
 0.56298014E+25 0.89651740E+22
 0.55957736E+25 0.88869569E+22
 0.55619161E+25 0.88094013E+22
 0.55282297E+25 0.87325017E+22
 0.54947099E+25 0.86562527E+22
 0.54613597E+25 0.85806491E+22
 0.54281776E+25 0.85056855E+22
 0.53951646E+25 0.84313569E+22
 0.53623150E+25 0.83576579E+22
 0.53296345E+25 0.82845836E+22
 0.52971110E+25 0.82121286E+22
 0.52647657E+25 0.81402881E+22
 0.52325785E+25 0.80690570E+22
 0.52005540E+25 0.79984303E+22
 0.51686929E+25 0.79284030E+22
 0.51369926E+25 0.78589703E+22
 0.51054570E+25 0.77901273E+22
 0.50740807E+25 0.77218692E+22
 0.50428635E+25 0.76541911E+22
 0.50118093E+25 0.75870884E+22
 0.49809122E+25 0.75205563E+22
 0.49501741E+25 0.74545901E+22
 0.49195931E+25 0.73891852E+22
 0.48891714E+25 0.73243371E+22
 0.48589039E+25 0.72600410E+22
 0.48287942E+25 0.71962925E+22
 0.47988410E+25 0.71330871E+22
 0.47690416E+25 0.70704204E+22
 0.47393967E+25 0.70082878E+22
 0.47099051E+25 0.69466851E+22
 0.46805672E+25 0.68856078E+22
 0.46513812E+25 0.68250516E+22
 0.46223452E+25 0.67650123E+22
 0.45934648E+25 0.67054855E+22
 0.45647200E+25 0.66464671E+22
 0.45361385E+25 0.65879529E+22
 0.45077045E+25 0.65299387E+22
 0.44794225E+25 0.64724203E+22
 0.44512865E+25 0.64153938E+22
 0.44233002E+25 0.63588550E+22
 0.43954600E+25 0.63027999E+22
 0.43677650E+25 0.62472245E+22
 0.43402186E+25 0.61921249E+22
 0.43128149E+25 0.61374971E+22
 0.42855586E+25 0.60833373E+22
 0.42584451E+25 0.60296414E+22
 0.42314744E+25 0.59764058E+22
 0.42046486E+25 0.59236266E+22
 0.41779642E+25 0.58713000E+22
 0.41514214E+25 0.58194223E+22
 0.41250203E+25 0.57679897E+22
 0.40987586E+25 0.57169986E+22
 0.40726382E+25 0.56664453E+22
 0.40466589E+25 0.56163262E+22
 0.40208172E+25 0.55666376E+22
 0.39951138E+25 0.55173760E+22
 0.39695483E+25 0.54685379E+22
 0.39441202E+25 0.54201197E+22
 0.39188275E+25 0.53721179E+22
 0.38936737E+25 0.53245291E+22
 0.38686543E+25 0.52773499E+22
 0.38437696E+25 0.52305768E+22
 0.38190196E+25 0.51842064E+22
 0.37943986E+25 0.51382355E+22
 0.37699210E+25 0.50926606E+22
 0.37455712E+25 0.50474785E+22
 0.37213538E+25 0.50026859E+22
 0.36972681E+25 0.49582795E+22
 0.36733135E+25 0.49142562E+22
 0.36494907E+25 0.48706127E+22
 0.36257958E+25 0.48273459E+22
 0.36022327E+25 0.47844526E+22
 0.35787963E+25 0.47419297E+22
 0.35554896E+25 0.46997741E+22
 0.35323119E+25 0.46579828E+22
 0.35092593E+25 0.46165526E+22
 0.34863348E+25 0.45754806E+22
 0.34635367E+25 0.45347638E+22
 0.34408643E+25 0.44943992E+22
 0.34183172E+25 0.44543838E+22
 0.33958948E+25 0.44147148E+22
 0.33735967E+25 0.43753892E+22
 0.33514221E+25 0.43364041E+22
 0.33293709E+25 0.42977568E+22
 0.33074422E+25 0.42594443E+22
 0.32856357E+25 0.42214638E+22
 0.32639507E+25 0.41838126E+22
 0.32423869E+25 0.41464879E+22
 0.32209436E+25 0.41094870E+22
 0.31996202E+25 0.40728070E+22
 0.31784167E+25 0.40364455E+22
 0.31573319E+25 0.40003996E+22
 0.31363657E+25 0.39646667E+22
 0.31155233E+25 0.39292441E+22
 0.30947870E+25 0.38941294E+22
 0.30741733E+25 0.38593198E+22
 0.30536762E+25 0.38248128E+22
 0.30332950E+25 0.37906058E+22
 0.30130293E+25 0.37566964E+22
 0.29928785E+25 0.37230820E+22
 0.29728422E+25 0.36897601E+22
 0.29529201E+25 0.36567283E+22
 0.29331112E+25 0.36239841E+22
 0.29134145E+25 0.35915251E+22
 0.28938323E+25 0.35593488E+22
 0.28743611E+25 0.35274530E+22
 0.28550014E+25 0.34958351E+22
 0.28357528E+25 0.34644930E+22
 0.28166149E+25 0.34334241E+22
 0.27975849E+25 0.34026263E+22
 0.27786685E+25 0.33720973E+22
 0.27598583E+25 0.33418346E+22
 0.27411588E+25 0.33118362E+22
 0.27225662E+25 0.32820998E+22
 0.27040815E+25 0.32526231E+22
 0.26857039E+25 0.32234040E+22
 0.26674322E+25 0.31944402E+22
 0.26492674E+25 0.31657296E+22
 0.26312096E+25 0.31372700E+22
 0.26132561E+25 0.31090594E+22
 0.25954074E+25 0.30810956E+22
 0.25776679E+25 0.30533765E+22
 0.25600274E+25 0.30259000E+22
 0.25424896E+25 0.29986641E+22
 0.25250555E+25 0.29716668E+22
 0.25077242E+25 0.29449059E+22
 0.24904955E+25 0.29183795E+22
 0.24733676E+25 0.28920856E+22
 0.24563409E+25 0.28660222E+22
 0.24394140E+25 0.28401874E+22
 0.24225882E+25 0.28145792E+22
 0.24058622E+25 0.27891957E+22
 0.23892365E+25 0.27640349E+22
 0.23727087E+25 0.27390950E+22
 0.23562793E+25 0.27143740E+22
 0.23399479E+25 0.26898702E+22
 0.23237132E+25 0.26655817E+22
 0.23075773E+25 0.26415065E+22
 0.22915372E+25 0.26176430E+22
 0.22755924E+25 0.25939893E+22
 0.22597442E+25 0.25705436E+22
 0.22439922E+25 0.25473040E+22
 0.22283343E+25 0.25242690E+22
 0.22127698E+25 0.25014367E+22
 0.21973012E+25 0.24788054E+22
 0.21819252E+25 0.24563733E+22
 0.21666415E+25 0.24341388E+22
 0.21514514E+25 0.24121002E+22
 0.21363543E+25 0.23902557E+22
 0.21213483E+25 0.23686038E+22
 0.21064336E+25 0.23471428E+22
 0.20916092E+25 0.23258710E+22
 0.20768761E+25 0.23047868E+22
 0.20622339E+25 0.22838887E+22
 0.20476806E+25 0.22631749E+22
 0.20332159E+25 0.22426440E+22
 0.20188409E+25 0.22222944E+22
 0.20045542E+25 0.22021245E+22
 0.19903555E+25 0.21821327E+22
 0.19762445E+25 0.21623176E+22
 0.19622206E+25 0.21426776E+22
 0.19482864E+25 0.21232112E+22
 0.19344334E+25 0.21039169E+22
 0.19206686E+25 0.20847933E+22
 0.19069886E+25 0.20658389E+22
 0.18933938E+25 0.20470521E+22
 0.18798849E+25 0.20284317E+22
 0.18664597E+25 0.20099761E+22
 0.18531184E+25 0.19916839E+22
 0.18398606E+25 0.19735537E+22
 0.18266865E+25 0.19555842E+22
 0.18135937E+25 0.19377739E+22
 0.18005839E+25 0.19201214E+22
 0.17876560E+25 0.19026255E+22
 0.17748101E+25 0.18852847E+22
 0.17620441E+25 0.18680977E+22
 0.17493600E+25 0.18510632E+22
 0.17367548E+25 0.18341799E+22
 0.17242302E+25 0.18174465E+22
 0.17117850E+25 0.18008616E+22
 0.16994189E+25 0.17844240E+22
 0.16871316E+25 0.17681324E+22
 0.16749231E+25 0.17519856E+22
 0.16627913E+25 0.17359823E+22
 0.16507376E+25 0.17201212E+22
 0.16387611E+25 0.17044012E+22
 0.16268613E+25 0.16888209E+22
 0.16150378E+25 0.16733793E+22
 0.16032903E+25 0.16580751E+22
 0.15916191E+25 0.16429071E+22
 0.15800223E+25 0.16278741E+22
 0.15684998E+25 0.16129749E+22
 0.15570524E+25 0.15982085E+22
 0.15456789E+25 0.15835736E+22
 0.15343792E+25 0.15690691E+22
 0.15231528E+25 0.15546939E+22
 0.15119999E+25 0.15404468E+22
 0.15009183E+25 0.15263268E+22
 0.14899095E+25 0.15123327E+22
 0.14789726E+25 0.14984634E+22
 0.14681070E+25 0.14847180E+22
 0.14573120E+25 0.14710952E+22
 0.14465881E+25 0.14575940E+22
 0.14359351E+25 0.14442133E+22
 0.14253510E+25 0.14309522E+22
 0.14148375E+25 0.14178096E+22
 0.14043927E+25 0.14047844E+22
 0.13940167E+25 0.13918756E+22
 0.13837092E+25 0.13790822E+22
 0.13734698E+25 0.13664032E+22
 0.13632978E+25 0.13538376E+22
 0.13531936E+25 0.13413845E+22
 0.13431574E+25 0.13290427E+22
 0.13331869E+25 0.13168115E+22
 0.13232823E+25 0.13046897E+22
 0.13134446E+25 0.12926765E+22
 0.13036720E+25 0.12807708E+22
 0.12939647E+25 0.12689719E+22
 0.12843223E+25 0.12572786E+22
 0.12747444E+25 0.12456902E+22
 0.12652308E+25 0.12342056E+22
 0.12557811E+25 0.12228241E+22
 0.12463948E+25 0.12115446E+22
 0.12370711E+25 0.12003663E+22
 0.12278113E+25 0.11892883E+22
 0.12186135E+25 0.11783097E+22
 0.12094778E+25 0.11674297E+22
 0.12004034E+25 0.11566474E+22
 0.11913913E+25 0.11459619E+22
 0.11824399E+25 0.11353725E+22
 0.11735493E+25 0.11248781E+22
 0.11647191E+25 0.11144781E+22
 0.11559489E+25 0.11041716E+22
 0.11472385E+25 0.10939578E+22
 0.11385871E+25 0.10838358E+22
 0.11299952E+25 0.10738049E+22
 0.11214620E+25 0.10638642E+22
 0.11129873E+25 0.10540130E+22
 0.11045706E+25 0.10442505E+22
 0.10962117E+25 0.10345758E+22
 0.10879102E+25 0.10249883E+22
 0.10796658E+25 0.10154872E+22
 0.10714781E+25 0.10060717E+22
 0.10633470E+25 0.99674102E+21
 0.10552719E+25 0.98749446E+21
 0.10472526E+25 0.97833127E+21
 0.10392888E+25 0.96925071E+21
 0.10313802E+25 0.96025207E+21
 0.10235264E+25 0.95133461E+21
 0.10157271E+25 0.94249763E+21
 0.10079820E+25 0.93374042E+21
 0.10002909E+25 0.92506227E+21
 0.99265322E+24 0.91646249E+21
 0.98506886E+24 0.90794039E+21
 0.97753742E+24 0.89949528E+21
 0.97005865E+24 0.89112649E+21
 0.96263217E+24 0.88283334E+21
 0.95525773E+24 0.87461516E+21
 0.94793498E+24 0.86647130E+21
 0.94066363E+24 0.85840111E+21
 0.93344339E+24 0.85040392E+21
 0.92627393E+24 0.84247909E+21
 0.91915498E+24 0.83462600E+21
 0.91208619E+24 0.82684400E+21
 0.90506730E+24 0.81913246E+21
 0.89809798E+24 0.81149077E+21
 0.89117794E+24 0.80391830E+21
 0.88430690E+24 0.79641445E+21
 0.87748454E+24 0.78897861E+21
 0.87071061E+24 0.78161016E+21
 0.86398477E+24 0.77430854E+21
 0.85730675E+24 0.76707313E+21
 0.85067624E+24 0.75990337E+21
 0.84409296E+24 0.75279865E+21
 0.83755662E+24 0.74575842E+21
 0.83106694E+24 0.73878209E+21
 0.82462362E+24 0.73186910E+21
 0.81822640E+24 0.72501890E+21
 0.81187497E+24 0.71823092E+21
 0.80556905E+24 0.71150461E+21
 0.79930836E+24 0.70483943E+21
 0.79309264E+24 0.69823483E+21
 0.78692157E+24 0.69169029E+21
 0.78079491E+24 0.68520526E+21
 0.77471237E+24 0.67877921E+21
 0.76867367E+24 0.67241163E+21
 0.76267854E+24 0.66610200E+21
 0.75672671E+24 0.65984979E+21
 0.75081790E+24 0.65365451E+21
 0.74495185E+24 0.64751565E+21
 0.73912828E+24 0.64143270E+21
 0.73334590E+24 0.63540516E+21
 0.72760651E+24 0.62943256E+21
 0.72190879E+24 0.62351439E+21
 0.71625249E+24 0.61765017E+21
 0.71063734E+24 0.61183943E+21
 0.70506308E+24 0.60608169E+21
 0.69952945E+24 0.60037647E+21
 0.69403619E+24 0.59472331E+21
 0.68858304E+24 0.58912175E+21
 0.68316975E+24 0.58357133E+21
 0.67779606E+24 0.57807159E+21
 0.67246171E+24 0.57262208E+21
 0.66716645E+24 0.56722235E+21
 0.66191002E+24 0.56187196E+21
 0.65669218E+24 0.55657047E+21
 0.65151267E+24 0.55131745E+21
 0.64637125E+24 0.54611245E+21
 0.64126767E+24 0.54095506E+21
 0.63620168E+24 0.53584485E+21
 0.63117304E+24 0.53078140E+21
 0.62618150E+24 0.52576429E+21
 0.62122682E+24 0.52079310E+21
 0.61630876E+24 0.51586743E+21
 0.61142707E+24 0.51098687E+21
 0.60658152E+24 0.50615102E+21
 0.60177187E+24 0.50135948E+21
 0.59699789E+24 0.49661185E+21
 0.59225933E+24 0.49190774E+21
 0.58755597E+24 0.48724676E+21
 0.58288757E+24 0.48262852E+21
 0.57825389E+24 0.47805265E+21
 0.57365471E+24 0.47351876E+21
 0.56908980E+24 0.46902648E+21
 0.56455893E+24 0.46457544E+21
 0.56006187E+24 0.46016526E+21
 0.55559839E+24 0.45579558E+21
 0.55116828E+24 0.45146605E+21
 0.54677130E+24 0.44717628E+21
 0.54240724E+24 0.44292595E+21
 0.53807586E+24 0.43871468E+21
 0.53377696E+24 0.43454213E+21
 0.52951032E+24 0.43040795E+21
 0.52527570E+24 0.42631180E+21
 0.52107291E+24 0.42225333E+21
 0.51690172E+24 0.41823221E+21
 0.51276191E+24 0.41424811E+21
 0.50865328E+24 0.41030069E+21
 0.50457561E+24 0.40638962E+21
 0.50052869E+24 0.40251457E+21
 0.49651232E+24 0.39867523E+21
 0.49252627E+24 0.39487127E+21
 0.48857035E+24 0.39110237E+21
 0.48464434E+24 0.38736822E+21
 0.48074805E+24 0.38366851E+21
 0.47688128E+24 0.38000292E+21
 0.47304381E+24 0.37637115E+21
 0.46923545E+24 0.37277290E+21
 0.46545599E+24 0.36920786E+21
 0.46170524E+24 0.36567574E+21
 0.45798299E+24 0.36217623E+21
 0.45428906E+24 0.35870906E+21
 0.45062324E+24 0.35527391E+21
 0.44698534E+24 0.35187051E+21
 0.44337516E+24 0.34849857E+21
 0.43979252E+24 0.34515781E+21
 0.43623722E+24 0.34184794E+21
 0.43270907E+24 0.33856869E+21
 0.42920788E+24 0.33531978E+21
 0.42573346E+24 0.33210094E+21
 0.42228563E+24 0.32891190E+21
 0.41886420E+24 0.32575238E+21
 0.41546898E+24 0.32262212E+21
 0.41209980E+24 0.31952087E+21
 0.40875646E+24 0.31644834E+21
 0.40543878E+24 0.31340430E+21
 0.40214659E+24 0.31038847E+21
 0.39887971E+24 0.30740061E+21
 0.39563795E+24 0.30444046E+21
 0.39242114E+24 0.30150777E+21
 0.38922910E+24 0.29860229E+21
 0.38606166E+24 0.29572378E+21
 0.38291864E+24 0.29287200E+21
 0.37979988E+24 0.29004669E+21
 0.37670519E+24 0.28724763E+21
 0.37363440E+24 0.28447458E+21
 0.37058735E+24 0.28172729E+21
 0.36756387E+24 0.27900554E+21
 0.36456379E+24 0.27630910E+21
 0.36158693E+24 0.27363774E+21
 0.35863315E+24 0.27099122E+21
 0.35570226E+24 0.26836933E+21
 0.35279411E+24 0.26577184E+21
 0.34990854E+24 0.26319853E+21
 0.34704537E+24 0.26064918E+21
 0.34420446E+24 0.25812358E+21
 0.34138563E+24 0.25562151E+21
 0.33858874E+24 0.25314275E+21
 0.33581362E+24 0.25068710E+21
 0.33306012E+24 0.24825434E+21
 0.33032808E+24 0.24584427E+21
 0.32761734E+24 0.24345668E+21
 0.32492776E+24 0.24109137E+21
 0.32225917E+24 0.23874813E+21
 0.31961143E+24 0.23642677E+21
 0.31698438E+24 0.23412708E+21
 0.31437788E+24 0.23184887E+21
 0.31179177E+24 0.22959195E+21
 0.30922591E+24 0.22735612E+21
 0.30668015E+24 0.22514119E+21
 0.30415433E+24 0.22294696E+21
 0.30164833E+24 0.22077326E+21
 0.29916199E+24 0.21861989E+21
 0.29669517E+24 0.21648667E+21
 0.29424772E+24 0.21437342E+21
 0.29181951E+24 0.21227994E+21
 0.28941040E+24 0.21020608E+21
 0.28702024E+24 0.20815164E+21
 0.28464890E+24 0.20611645E+21
 0.28229623E+24 0.20410033E+21
 0.27996210E+24 0.20210311E+21
 0.27764638E+24 0.20012462E+21
 0.27534892E+24 0.19816468E+21
 0.27306960E+24 0.19622313E+21
 0.27080826E+24 0.19429981E+21
 0.26856481E+24 0.19239453E+21
 0.26633909E+24 0.19050715E+21
 0.26413095E+24 0.18863749E+21
 0.26194030E+24 0.18678539E+21
 0.25976701E+24 0.18495070E+21
 0.25761092E+24 0.18313326E+21
 0.25547192E+24 0.18133290E+21
 0.25334988E+24 0.17954948E+21
 0.25124467E+24 0.17778283E+21
 0.24915617E+24 0.17603280E+21
 0.24708426E+24 0.17429925E+21
 0.24502881E+24 0.17258201E+21
 0.24298969E+24 0.17088095E+21
 0.24096680E+24 0.16919592E+21
 0.23896000E+24 0.16752676E+21
 0.23696917E+24 0.16587333E+21
 0.23499421E+24 0.16423549E+21
 0.23303498E+24 0.16261310E+21
 0.23109137E+24 0.16100601E+21
 0.22916326E+24 0.15941409E+21
 0.22725058E+24 0.15783719E+21
 0.22535313E+24 0.15627518E+21
 0.22347083E+24 0.15472792E+21
 0.22160358E+24 0.15319528E+21
 0.21975126E+24 0.15167712E+21
 0.21791376E+24 0.15017331E+21
 0.21609096E+24 0.14868372E+21
 0.21428276E+24 0.14720822E+21
 0.21248905E+24 0.14574667E+21
 0.21070971E+24 0.14429896E+21
 0.20894463E+24 0.14286495E+21
 0.20719372E+24 0.14144451E+21
 0.20545685E+24 0.14003753E+21
 0.20373394E+24 0.13864388E+21
 0.20202486E+24 0.13726344E+21
 0.20032952E+24 0.13589609E+21
 0.19864781E+24 0.13454170E+21
 0.19697963E+24 0.13320016E+21
 0.19532487E+24 0.13187134E+21
 0.19368344E+24 0.13055514E+21
 0.19205522E+24 0.12925144E+21
 0.19044013E+24 0.12796012E+21
 0.18883807E+24 0.12668106E+21
 0.18724892E+24 0.12541416E+21
 0.18567259E+24 0.12415930E+21
 0.18410900E+24 0.12291637E+21
 0.18255803E+24 0.12168527E+21
 0.18101959E+24 0.12046588E+21
 0.17949359E+24 0.11925809E+21
 0.17797993E+24 0.11806180E+21
 0.17647852E+24 0.11687691E+21
 0.17498926E+24 0.11570330E+21
 0.17351144E+24 0.11454088E+21
 0.17204621E+24 0.11338954E+21
 0.17059286E+24 0.11224917E+21
 0.16915130E+24 0.11111969E+21
 0.16772143E+24 0.11000098E+21
 0.16630316E+24 0.10889295E+21
 0.16489701E+24 0.10779549E+21
 0.16350168E+24 0.10670852E+21
 0.16211769E+24 0.10563194E+21
 0.16074495E+24 0.10456564E+21
 0.15938338E+24 0.10350954E+21
 0.15803288E+24 0.10246353E+21
 0.15669338E+24 0.10142753E+21
 0.15536478E+24 0.10040145E+21
 0.15404701E+24 0.99385190E+20
 0.15273998E+24 0.98378660E+20
 0.15144360E+24 0.97381771E+20
 0.15015780E+24 0.96394435E+20
 0.14888250E+24 0.95416563E+20
 0.14761760E+24 0.94448068E+20
 0.14636304E+24 0.93488862E+20
 0.14511872E+24 0.92538860E+20
 0.14388458E+24 0.91597976E+20
 0.14266053E+24 0.90666126E+20
 0.14144649E+24 0.89743227E+20
 0.14024238E+24 0.88829195E+20
 0.13904814E+24 0.87923948E+20
 0.13786368E+24 0.87027405E+20
 0.13668892E+24 0.86139485E+20
 0.13552379E+24 0.85260109E+20
 0.13436822E+24 0.84389196E+20
 0.13322213E+24 0.83526669E+20
 0.13208544E+24 0.82672450E+20
 0.13095809E+24 0.81826461E+20
 0.12983999E+24 0.80988618E+20
 0.12873109E+24 0.80158861E+20
 0.12763130E+24 0.79337108E+20
 0.12654055E+24 0.78523285E+20
 0.12545878E+24 0.77717316E+20
 0.12438591E+24 0.76919130E+20
 0.12332187E+24 0.76128655E+20
 0.12226660E+24 0.75345817E+20
 0.12122002E+24 0.74570547E+20
 0.12018207E+24 0.73802775E+20
 0.11915268E+24 0.73042429E+20
 0.11813178E+24 0.72289442E+20
 0.11711930E+24 0.71543744E+20
 0.11611519E+24 0.70805269E+20
 0.11511936E+24 0.70073948E+20
 0.11413177E+24 0.69349715E+20
 0.11315234E+24 0.68632504E+20
 0.11218100E+24 0.67922250E+20
 0.11121770E+24 0.67218887E+20
 0.11026238E+24 0.66522353E+20
 0.10931496E+24 0.65832582E+20
 0.10837538E+24 0.65149512E+20
 0.10744359E+24 0.64473080E+20
 0.10651952E+24 0.63803225E+20
 0.10560311E+24 0.63139885E+20
 0.10469431E+24 0.62483000E+20
 0.10379304E+24 0.61832508E+20
 0.10289925E+24 0.61188351E+20
 0.10201289E+24 0.60550470E+20
 0.10113389E+24 0.59918804E+20
 0.10026219E+24 0.59293298E+20
 0.99397732E+23 0.58673892E+20
 0.98540467E+23 0.58060530E+20
 0.97690333E+23 0.57453156E+20
 0.96847273E+23 0.56851714E+20
 0.96011232E+23 0.56256147E+20
 0.95182152E+23 0.55666401E+20
 0.94359980E+23 0.55082422E+20
 0.93544659E+23 0.54504155E+20
 0.92736136E+23 0.53931548E+20
 0.91934355E+23 0.53364546E+20
 0.91139264E+23 0.52803098E+20
 0.90350808E+23 0.52247152E+20
 0.89568935E+23 0.51696656E+20
 0.88793593E+23 0.51151558E+20
 0.88024728E+23 0.50611809E+20
 0.87262290E+23 0.50077357E+20
 0.86506226E+23 0.49548155E+20
 0.85756486E+23 0.49024151E+20
 0.85013019E+23 0.48505297E+20
 0.84275775E+23 0.47991546E+20
 0.83544704E+23 0.47482848E+20
 0.82819756E+23 0.46979158E+20
 0.82100883E+23 0.46480426E+20
 0.81388035E+23 0.45986608E+20
 0.80681164E+23 0.45497656E+20
 0.79980223E+23 0.45013526E+20
 0.79285163E+23 0.44534171E+20
 0.78595937E+23 0.44059546E+20
 0.77912498E+23 0.43589609E+20
 0.77234800E+23 0.43124313E+20
 0.76562797E+23 0.42663615E+20
 0.75896442E+23 0.42207473E+20
 0.75235690E+23 0.41755843E+20
 0.74580496E+23 0.41308682E+20
 0.73930815E+23 0.40865950E+20
 0.73286602E+23 0.40427603E+20
 0.72647814E+23 0.39993601E+20
 0.72014406E+23 0.39563902E+20
 0.71386335E+23 0.39138467E+20
 0.70763558E+23 0.38717254E+20
 0.70146033E+23 0.38300224E+20
 0.69533715E+23 0.37887338E+20
 0.68926565E+23 0.37478556E+20
 0.68324538E+23 0.37073839E+20
 0.67727595E+23 0.36673150E+20
 0.67135694E+23 0.36276450E+20
 0.66548794E+23 0.35883701E+20
 0.65966854E+23 0.35494867E+20
 0.65389834E+23 0.35109909E+20
 0.64817694E+23 0.34728792E+20
 0.64250395E+23 0.34351479E+20
 0.63687897E+23 0.33977934E+20
 0.63130161E+23 0.33608123E+20
 0.62577149E+23 0.33242007E+20
 0.62028821E+23 0.32879554E+20
 0.61485141E+23 0.32520728E+20
 0.60946069E+23 0.32165495E+20
 0.60411569E+23 0.31813821E+20
 0.59881603E+23 0.31465672E+20
 0.59356134E+23 0.31121016E+20
 0.58835125E+23 0.30779817E+20
 0.58318541E+23 0.30442045E+20
 0.57806345E+23 0.30107666E+20
 0.57298500E+23 0.29776648E+20
 0.56794973E+23 0.29448969E+20
 0.56295727E+23 0.29124577E+20
 0.55800726E+23 0.28803452E+20
 0.55309938E+23 0.28485562E+20
 0.54823326E+23 0.28170876E+20
 0.54340858E+23 0.27859365E+20
 0.53862498E+23 0.27550997E+20
 0.53388214E+23 0.27245742E+20
 0.52917971E+23 0.26943572E+20
 0.52451737E+23 0.26644457E+20
 0.51989479E+23 0.26348368E+20
 0.51531164E+23 0.26055269E+20
 0.51076760E+23 0.25765145E+20
 0.50626234E+23 0.25477960E+20
 0.50179556E+23 0.25193688E+20
 0.49736692E+23 0.24912300E+20
 0.49297612E+23 0.24633769E+20
 0.48862285E+23 0.24358067E+20
 0.48430680E+23 0.24085168E+20
 0.48002766E+23 0.23815045E+20
 0.47578512E+23 0.23547670E+20
 0.47157889E+23 0.23283019E+20
 0.46740867E+23 0.23021064E+20
 0.46327415E+23 0.22761781E+20
 0.45917505E+23 0.22505143E+20
 0.45511107E+23 0.22251125E+20
 0.45108193E+23 0.21999703E+20
 0.44708732E+23 0.21750851E+20
 0.44312698E+23 0.21504545E+20
 0.43920061E+23 0.21260760E+20
 0.43530794E+23 0.21019472E+20
 0.43144869E+23 0.20780658E+20
 0.42762257E+23 0.20544293E+20
 0.42382932E+23 0.20310354E+20
 0.42006866E+23 0.20078818E+20
 0.41634123E+23 0.19849662E+20
 0.41264494E+23 0.19622862E+20
 0.40898044E+23 0.19398397E+20
 0.40534747E+23 0.19176244E+20
 0.40174576E+23 0.18956380E+20
 0.39817505E+23 0.18738784E+20
 0.39463509E+23 0.18523434E+20
 0.39112563E+23 0.18310309E+20
 0.38764640E+23 0.18099386E+20
 0.38419716E+23 0.17890645E+20
 0.38077765E+23 0.17684064E+20
 0.37738764E+23 0.17479624E+20
 0.37402687E+23 0.17277302E+20
 0.37069510E+23 0.17077080E+20
 0.36739209E+23 0.16878936E+20
 0.36411760E+23 0.16682850E+20
 0.36087139E+23 0.16488804E+20
 0.35765323E+23 0.16296776E+20
 0.35446288E+23 0.16106748E+20
 0.35130011E+23 0.15918700E+20
 0.34816469E+23 0.15732613E+20
 0.34505640E+23 0.15548468E+20
 0.34197499E+23 0.15366246E+20
 0.33892026E+23 0.15185929E+20
 0.33589196E+23 0.15007499E+20
 0.33288990E+23 0.14830937E+20
 0.32991385E+23 0.14656225E+20
 0.32696359E+23 0.14483345E+20
 0.32403890E+23 0.14312280E+20
 0.32113957E+23 0.14143011E+20
 0.31826539E+23 0.13975522E+20
 0.31541614E+23 0.13809794E+20
 0.31259162E+23 0.13645812E+20
 0.30979162E+23 0.13483558E+20
 0.30701594E+23 0.13323015E+20
 0.30426436E+23 0.13164168E+20
 0.30153669E+23 0.13006998E+20
 0.29883273E+23 0.12851490E+20
 0.29615227E+23 0.12697628E+20
 0.29349513E+23 0.12545398E+20
 0.29086110E+23 0.12394779E+20
 0.28824997E+23 0.12245742E+20
 0.28566159E+23 0.12098305E+20
 0.28309574E+23 0.11952435E+20
 0.28055223E+23 0.11808118E+20
 0.27803089E+23 0.11665337E+20
 0.27553151E+23 0.11524078E+20
 0.27305392E+23 0.11384326E+20
 0.27059793E+23 0.11246066E+20
 0.26816336E+23 0.11109284E+20
 0.26575003E+23 0.10973966E+20
 0.26335776E+23 0.10840096E+20
 0.26098638E+23 0.10707662E+20
 0.25863569E+23 0.10576648E+20
 0.25630554E+23 0.10447039E+20
 0.25399575E+23 0.10318825E+20
 0.25170614E+23 0.10191991E+20
 0.24943655E+23 0.10066523E+20
 0.24718680E+23 0.99424083E+19
 0.24495673E+23 0.98196324E+19
 0.24274616E+23 0.96981829E+19
 0.24055495E+23 0.95780467E+19
 0.23838292E+23 0.94592108E+19
 0.23622990E+23 0.93416625E+19
 0.23409574E+23 0.92253893E+19
 0.23198029E+23 0.91103785E+19
 0.22988337E+23 0.89966177E+19
 0.22780483E+23 0.88840947E+19
 0.22574452E+23 0.87727972E+19
 0.22370228E+23 0.86627133E+19
 0.22167796E+23 0.85538310E+19
 0.21967140E+23 0.84461384E+19
 0.21768246E+23 0.83396237E+19
 0.21571098E+23 0.82342755E+19
 0.21375682E+23 0.81300822E+19
 0.21181983E+23 0.80270324E+19
 0.20989986E+23 0.79251148E+19
 0.20799677E+23 0.78243182E+19
 0.20611042E+23 0.77246316E+19
 0.20424065E+23 0.76260439E+19
 0.20238734E+23 0.75285463E+19
 0.20055033E+23 0.74321222E+19
 0.19872950E+23 0.73367685E+19
 0.19692470E+23 0.72424673E+19
 0.19513580E+23 0.71492135E+19
 0.19336266E+23 0.70569951E+19
 0.19160514E+23 0.69658139E+19
 0.18986312E+23 0.68756352E+19
 0.18813645E+23 0.67864492E+19
 0.18642502E+23 0.66982820E+19
 0.18472868E+23 0.66110877E+19
 0.18304732E+23 0.65248685E+19
 0.18138079E+23 0.64396033E+19
 0.17972899E+23 0.63553166E+19
 0.17809176E+23 0.62719648E+19
 0.17646901E+23 0.61895489E+19
 0.17486059E+23 0.61080614E+19
 0.17326639E+23 0.60274922E+19
 0.17168629E+23 0.59478321E+19
 0.17012016E+23 0.58690719E+19
 0.16856788E+23 0.57912027E+19
 0.16702934E+23 0.57142154E+19
 0.16550442E+23 0.56381015E+19
 0.16399300E+23 0.55628521E+19
 0.16249496E+23 0.54884585E+19
 0.16101020E+23 0.54149121E+19
 0.15953859E+23 0.53422045E+19
 0.15808002E+23 0.52703188E+19
 0.15663438E+23 0.51992728E+19
 0.15520157E+23 0.51290312E+19
 0.15378146E+23 0.50595951E+19
 0.15237395E+23 0.49909555E+19
 0.15097894E+23 0.49231069E+19
 0.14959631E+23 0.48560384E+19
 0.14822596E+23 0.47897447E+19
 0.14686777E+23 0.47242156E+19
 0.14552166E+23 0.46594456E+19
 0.14418751E+23 0.45954248E+19
 0.14286521E+23 0.45321474E+19
 0.14155468E+23 0.44696063E+19
 0.14025580E+23 0.44077919E+19
 0.13896847E+23 0.43466979E+19
 0.13769261E+23 0.42863170E+19
 0.13642810E+23 0.42266420E+19
 0.13517485E+23 0.41676648E+19
 0.13393275E+23 0.41093811E+19
 0.13270172E+23 0.40517810E+19
 0.13148167E+23 0.39948576E+19
 0.13027248E+23 0.39386068E+19
 0.12907408E+23 0.38830188E+19
 0.12788636E+23 0.38280880E+19
 0.12670924E+23 0.37738076E+19
 0.12554262E+23 0.37201702E+19
 0.12438641E+23 0.36671708E+19
 0.12324052E+23 0.36148020E+19
 0.12210487E+23 0.35630574E+19
 0.12097936E+23 0.35119308E+19
 0.11986390E+23 0.34614155E+19
 0.11875841E+23 0.34115054E+19
 0.11766281E+23 0.33621950E+19
 0.11657700E+23 0.33134761E+19
 0.11550090E+23 0.32653452E+19
 0.11443443E+23 0.32177944E+19
 0.11337750E+23 0.31708183E+19
 0.11233003E+23 0.31244110E+19
 0.11129194E+23 0.30785666E+19
 0.11026315E+23 0.30332794E+19
 0.10924357E+23 0.29885435E+19
 0.10823313E+23 0.29443533E+19
 0.10723174E+23 0.29007030E+19
 0.10623933E+23 0.28575877E+19
 0.10525582E+23 0.28150002E+19
 0.10428113E+23 0.27729372E+19
 0.10331519E+23 0.27313917E+19
 0.10235791E+23 0.26903580E+19
 0.10140923E+23 0.26498324E+19
 0.10046907E+23 0.26098087E+19
 0.99537348E+22 0.25702817E+19
 0.98613999E+22 0.25312468E+19
 0.97698946E+22 0.24926978E+19
 0.96792118E+22 0.24546302E+19
 0.95893444E+22 0.24170388E+19
 0.95002851E+22 0.23799189E+19
 0.94120269E+22 0.23432644E+19
 0.93245629E+22 0.23070723E+19
 0.92378861E+22 0.22713377E+19
 0.91519895E+22 0.22360533E+19
 0.90668664E+22 0.22012169E+19
 0.89825101E+22 0.21668236E+19
 0.88989138E+22 0.21328673E+19
 0.88160708E+22 0.20993441E+19
 0.87339746E+22 0.20662496E+19
 0.86526186E+22 0.20335790E+19
 0.85719964E+22 0.20013280E+19
 0.84921014E+22 0.19694914E+19
 0.84129275E+22 0.19380662E+19
 0.83344681E+22 0.19070474E+19
 0.82567171E+22 0.18764306E+19
 0.81796682E+22 0.18462115E+19
 0.81033153E+22 0.18163860E+19
 0.80276524E+22 0.17869502E+19
 0.79526732E+22 0.17578987E+19
 0.78783718E+22 0.17292287E+19
 0.78047423E+22 0.17009357E+19
 0.77317787E+22 0.16730157E+19
 0.76594753E+22 0.16454646E+19
 0.75878262E+22 0.16182785E+19
 0.75168256E+22 0.15914534E+19
 0.74464679E+22 0.15649856E+19
 0.73767474E+22 0.15388711E+19
 0.73076593E+22 0.15131061E+19
 0.72391964E+22 0.14876868E+19
 0.71713540E+22 0.14626096E+19
 0.71041267E+22 0.14378706E+19
 0.70375091E+22 0.14134664E+19
 0.69714957E+22 0.13893931E+19
 0.69060813E+22 0.13656473E+19
 0.68412605E+22 0.13422253E+19
 0.67770282E+22 0.13191236E+19
 0.67133791E+22 0.12963388E+19
 0.66503081E+22 0.12738673E+19
 0.65878101E+22 0.12517057E+19
 0.65258801E+22 0.12298506E+19
 0.64645130E+22 0.12082989E+19
 0.64037038E+22 0.11870469E+19
 0.63434477E+22 0.11660914E+19
 0.62837397E+22 0.11454292E+19
 0.62245750E+22 0.11250572E+19
 0.61659488E+22 0.11049716E+19
 0.61078564E+22 0.10851699E+19
 0.60502929E+22 0.10656487E+19
 0.59932538E+22 0.10464048E+19
 0.59367344E+22 0.10274353E+19
 0.58807301E+22 0.10087370E+19
 0.58252363E+22 0.99030693E+18
 0.57702485E+22 0.97214206E+18
 0.57157622E+22 0.95423943E+18
 0.56617725E+22 0.93659610E+18
 0.56082760E+22 0.91920915E+18
 0.55552677E+22 0.90207571E+18
 0.55027435E+22 0.88519290E+18
 0.54506990E+22 0.86855791E+18
 0.53991296E+22 0.85216790E+18
 0.53480318E+22 0.83601999E+18
 0.52974010E+22 0.82011168E+18
 0.52472331E+22 0.80444011E+18
 0.51975239E+22 0.78900258E+18
 0.51482695E+22 0.77379619E+18
 0.50994657E+22 0.75881875E+18
 0.50511085E+22 0.74406761E+18
 0.50031941E+22 0.72953975E+18
 0.49557184E+22 0.71523280E+18
 0.49086775E+22 0.70114423E+18
 0.48620676E+22 0.68727149E+18
 0.48158849E+22 0.67361209E+18
 0.47701255E+22 0.66016336E+18
 0.47247857E+22 0.64692323E+18
 0.46798617E+22 0.63388907E+18
 0.46353498E+22 0.62105847E+18
 0.45912464E+22 0.60842904E+18
 0.45475478E+22 0.59599842E+18
 0.45042504E+22 0.58376427E+18
 0.44613507E+22 0.57172428E+18
 0.44188450E+22 0.55987613E+18
 0.43767300E+22 0.54821756E+18
 0.43350020E+22 0.53674631E+18
 0.42936576E+22 0.52546030E+18
 0.42526935E+22 0.51435687E+18
 0.42121061E+22 0.50343427E+18
 0.41718922E+22 0.49269018E+18
 0.41320485E+22 0.48212243E+18
 0.40925715E+22 0.47172892E+18
 0.40534580E+22 0.46150753E+18
 0.40147049E+22 0.45145617E+18
 0.39763087E+22 0.44157277E+18
 0.39382665E+22 0.43185526E+18
 0.39005749E+22 0.42230163E+18
 0.38632309E+22 0.41290986E+18
 0.38262313E+22 0.40367795E+18
 0.37895731E+22 0.39460392E+18
 0.37532532E+22 0.38568589E+18
 0.37172686E+22 0.37692177E+18
 0.36816163E+22 0.36830974E+18
 0.36462932E+22 0.35984786E+18
 0.36112965E+22 0.35153427E+18
 0.35766233E+22 0.34336708E+18
 0.35422705E+22 0.33534446E+18
 0.35082354E+22 0.32746455E+18
 0.34745150E+22 0.31972556E+18
 0.34411067E+22 0.31212568E+18
 0.34080075E+22 0.30466312E+18
 0.33752147E+22 0.29733613E+18
 0.33427255E+22 0.29014294E+18
 0.33105372E+22 0.28308183E+18
 0.32786472E+22 0.27615107E+18
 0.32470527E+22 0.26934897E+18
 0.32157510E+22 0.26267384E+18
 0.31847396E+22 0.25612401E+18
 0.31540158E+22 0.24969782E+18
 0.31235771E+22 0.24339363E+18
 0.30934208E+22 0.23720995E+18
 0.30635444E+22 0.23114490E+18
 0.30339455E+22 0.22519702E+18
 0.30046215E+22 0.21936473E+18
 0.29755699E+22 0.21364647E+18
 0.29467883E+22 0.20804068E+18
 0.29182742E+22 0.20254582E+18
 0.28900253E+22 0.19716038E+18
 0.28620391E+22 0.19188283E+18
 0.28343133E+22 0.18671170E+18
 0.28068455E+22 0.18164548E+18
 0.27796335E+22 0.17668273E+18
 0.27526748E+22 0.17182197E+18
 0.27259672E+22 0.16706178E+18
 0.26995089E+22 0.16240069E+18
 0.26732967E+22 0.15783734E+18
 0.26473290E+22 0.15337029E+18
 0.26216033E+22 0.14899818E+18
 0.25961177E+22 0.14471961E+18
 0.25708698E+22 0.14053322E+18
 0.25458576E+22 0.13643765E+18
 0.25210789E+22 0.13243156E+18
 0.24965316E+22 0.12851364E+18
 0.24722136E+22 0.12468256E+18
 0.24481228E+22 0.12093703E+18
 0.24242573E+22 0.11727574E+18
 0.24006148E+22 0.11369743E+18
 0.23771935E+22 0.11020082E+18
 0.23539913E+22 0.10678466E+18
 0.23310062E+22 0.10344771E+18
 0.23082363E+22 0.10018873E+18
 0.22856796E+22 0.97006502E+17
 0.22633342E+22 0.93899814E+17
 0.22411981E+22 0.90867442E+17
 0.22192695E+22 0.87908249E+17
 0.21975465E+22 0.85020978E+17
 0.21760272E+22 0.82204562E+17
 0.21547098E+22 0.79457794E+17
 0.21335923E+22 0.76779529E+17
 0.21126731E+22 0.74168632E+17
 0.20919503E+22 0.71623978E+17
 0.20714222E+22 0.69144451E+17
 0.20510869E+22 0.66728948E+17
 0.20309427E+22 0.64376374E+17
 0.20109878E+22 0.62085647E+17
 0.19912206E+22 0.59855691E+17
 0.19716394E+22 0.57685443E+17
 0.19522424E+22 0.55573845E+17
 0.19330280E+22 0.53519801E+17
 0.19139944E+22 0.51522193E+17
 0.18951402E+22 0.49579984E+17
 0.18764635E+22 0.47692131E+17
 0.18579629E+22 0.45857639E+17
 0.18396367E+22 0.44075528E+17
 0.18214832E+22 0.42344886E+17
 0.18035011E+22 0.40664805E+17
 0.17856885E+22 0.39034339E+17
 0.17680442E+22 0.37452523E+17
 0.17505664E+22 0.35918418E+17
 0.17332537E+22 0.34431083E+17
 0.17161045E+22 0.32989578E+17
 0.16991175E+22 0.31592985E+17
 0.16822910E+22 0.30240391E+17
 0.16656237E+22 0.28930963E+17
 0.16491140E+22 0.27663594E+17
 0.16327606E+22 0.26437609E+17
 0.16165619E+22 0.25252138E+17
 0.16005167E+22 0.24106084E+17
 0.15846234E+22 0.22998816E+17
 0.15688808E+22 0.21929407E+17
 0.15532873E+22 0.20897016E+17
 0.15378417E+22 0.19900809E+17
 0.15225426E+22 0.18939963E+17
 0.15073887E+22 0.18013661E+17
 0.14923785E+22 0.17121096E+17
 0.14775109E+22 0.16261471E+17
 0.14627845E+22 0.15433995E+17
 0.14481980E+22 0.14637889E+17
 0.14337502E+22 0.13872380E+17
 0.14194396E+22 0.13136705E+17
 0.14052652E+22 0.12430108E+17
 0.13912256E+22 0.11751845E+17
 0.13773197E+22 0.11101176E+17
 0.13635461E+22 0.10477373E+17
 0.13499037E+22 0.98797165E+16
 0.13363912E+22 0.93074940E+16
 0.13230075E+22 0.87600031E+16
 0.13097514E+22 0.82365503E+16
 0.12966217E+22 0.77364500E+16
 0.12836172E+22 0.72590250E+16
 0.12707369E+22 0.68036084E+16
 0.12579795E+22 0.63695396E+16
 0.12453439E+22 0.59561687E+16
 0.12328291E+22 0.55628540E+16
 0.12204338E+22 0.51889649E+16
 0.12081570E+22 0.48338683E+16
 0.11959976E+22 0.44969587E+16
 0.11839546E+22 0.41776265E+16
 0.11720268E+22 0.38752772E+16
 0.11602117E+22 0.35893135E+16
 0.11485111E+22 0.33191663E+16
 0.11369227E+22 0.30642610E+16
 0.11254455E+22 0.28240367E+16
 0.11140781E+22 0.25979409E+16
 0.11028200E+22 0.23854311E+16
 0.10916697E+22 0.21859742E+16
 0.10806264E+22 0.19990456E+16
 0.10696891E+22 0.18241306E+16
 0.10588569E+22 0.16607233E+16
 0.10481289E+22 0.15083272E+16
 0.10375038E+22 0.13664572E+16
 0.10269809E+22 0.12346360E+16
 0.10165593E+22 0.11123956E+16
 0.10062381E+22 0.99927965E+15
 0.99601595E+21 0.89484024E+15
 0.98589239E+21 0.79863978E+15
 0.97586647E+21 0.71024991E+15
 0.96593704E+21 0.62925557E+15
 0.95610335E+21 0.55525085E+15
 0.94636449E+21 0.48783741E+15
 0.93671959E+21 0.42662809E+15
 0.92716777E+21 0.37124613E+15
 0.91770809E+21 0.32132791E+15
 0.90833988E+21 0.27650975E+15
 0.89906218E+21 0.23644461E+15
 0.88987418E+21 0.20080754E+15
 0.88077502E+21 0.16926969E+15
 0.87176398E+21 0.14151756E+15
 0.86283998E+21 0.11724839E+15
 0.85400254E+21 0.96171283E+14
 0.84525062E+21 0.78005643E+14
 0.83658350E+21 0.62482659E+14
 0.82800039E+21 0.49344678E+14
 0.81950052E+21 0.38345607E+14
 0.81108310E+21 0.29250991E+14
 0.80274738E+21 0.21838144E+14
 0.79449259E+21 0.15896407E+14
 0.78631798E+21 0.11227064E+14
 0.77822281E+21 0.76437505E+13
 0.77020632E+21 0.49728264E+13
 0.76226780E+21 0.30533411E+13
 0.75440651E+21 0.17371992E+13
 0.74662174E+21 0.88983406E+12
 0.73891368E+21 0.39074901E+12
 0.73127980E+21 0.13393290E+12
 0.72372031E+21 0.28737453E+11
 0.71623453E+21 0.17906022E+10
 0.70882176E+21 0.00000000E+00
 0.70148133E+21 0.00000000E+00
 0.69421256E+21 0.00000000E+00
 0.68701477E+21 0.00000000E+00
 0.67988731E+21 0.00000000E+00
 0.67282952E+21 0.00000000E+00
 0.66584075E+21 0.00000000E+00
 0.65892036E+21 0.00000000E+00
 0.65206769E+21 0.00000000E+00
 0.64528214E+21 0.00000000E+00
 0.63856305E+21 0.00000000E+00
 0.63190982E+21 0.00000000E+00
 0.62532182E+21 0.00000000E+00
 0.61879844E+21 0.00000000E+00
 0.61234128E+21 0.00000000E+00
 0.60594532E+21 0.00000000E+00
 0.59961219E+21 0.00000000E+00
 0.59334130E+21 0.00000000E+00
 0.58713207E+21 0.00000000E+00
 0.58098391E+21 0.00000000E+00
 0.57489625E+21 0.00000000E+00
 0.56886848E+21 0.00000000E+00
 0.56290013E+21 0.00000000E+00
 0.55699060E+21 0.00000000E+00
 0.55113933E+21 0.00000000E+00
 0.54534578E+21 0.00000000E+00
 0.53960940E+21 0.00000000E+00
 0.53392966E+21 0.00000000E+00
 0.52830602E+21 0.00000000E+00
 0.52273796E+21 0.00000000E+00
 0.51722489E+21 0.00000000E+00
 0.51176642E+21 0.00000000E+00
 0.50636196E+21 0.00000000E+00
 0.50101103E+21 0.00000000E+00
 0.49571310E+21 0.00000000E+00
 0.49046768E+21 0.00000000E+00
 0.48527428E+21 0.00000000E+00
 0.48013240E+21 0.00000000E+00
 0.47504156E+21 0.00000000E+00
 0.47000127E+21 0.00000000E+00
 0.46501107E+21 0.00000000E+00
 0.46007047E+21 0.00000000E+00
 0.45517902E+21 0.00000000E+00
 0.45033623E+21 0.00000000E+00
 0.44554167E+21 0.00000000E+00
 0.44079486E+21 0.00000000E+00
 0.43609536E+21 0.00000000E+00
 0.43144272E+21 0.00000000E+00
 0.42683650E+21 0.00000000E+00
 0.42227625E+21 0.00000000E+00
 0.41776160E+21 0.00000000E+00
 0.41329199E+21 0.00000000E+00
 0.40886709E+21 0.00000000E+00
 0.40448644E+21 0.00000000E+00
 0.40014963E+21 0.00000000E+00
 0.39585626E+21 0.00000000E+00
 0.39160589E+21 0.00000000E+00
 0.38739813E+21 0.00000000E+00
 0.38323257E+21 0.00000000E+00
 0.37910881E+21 0.00000000E+00
 0.37502646E+21 0.00000000E+00
 0.37098511E+21 0.00000000E+00
 0.36698439E+21 0.00000000E+00
 0.36302390E+21 0.00000000E+00
 0.35910250E+21 0.00000000E+00
 0.35522134E+21 0.00000000E+00
 0.35137927E+21 0.00000000E+00
 0.34757594E+21 0.00000000E+00
 0.34381096E+21 0.00000000E+00
 0.34008409E+21 0.00000000E+00
 0.33639472E+21 0.00000000E+00
 0.33274263E+21 0.00000000E+00
 0.32912745E+21 0.00000000E+00
 0.32554884E+21 0.00000000E+00
 0.32200644E+21 0.00000000E+00
 0.31849991E+21 0.00000000E+00
 0.31502889E+21 0.00000000E+00
 0.31159307E+21 0.00000000E+00
 0.30819210E+21 0.00000000E+00
 0.30482565E+21 0.00000000E+00
 0.30149338E+21 0.00000000E+00
 0.29819498E+21 0.00000000E+00
 0.29493010E+21 0.00000000E+00
 0.29169845E+21 0.00000000E+00
 0.28849968E+21 0.00000000E+00
 0.28533351E+21 0.00000000E+00
 0.28219960E+21 0.00000000E+00
 0.27909764E+21 0.00000000E+00
 0.27602734E+21 0.00000000E+00
 0.27298839E+21 0.00000000E+00
 0.26998049E+21 0.00000000E+00
 0.26700333E+21 0.00000000E+00
 0.26405664E+21 0.00000000E+00
 0.26114015E+21 0.00000000E+00
 0.25825348E+21 0.00000000E+00
 0.25539640E+21 0.00000000E+00
 0.25256862E+21 0.00000000E+00
 0.24976983E+21 0.00000000E+00
 0.24699980E+21 0.00000000E+00
 0.24425823E+21 0.00000000E+00
 0.24154465E+21 0.00000000E+00
 0.23885919E+21 0.00000000E+00
 0.23620138E+21 0.00000000E+00
 0.23357109E+21 0.00000000E+00
 0.23096777E+21 0.00000000E+00
 0.22839130E+21 0.00000000E+00
 0.22584142E+21 0.00000000E+00
 0.22331788E+21 0.00000000E+00
 0.22082042E+21 0.00000000E+00
 0.21834879E+21 0.00000000E+00
 0.21590274E+21 0.00000000E+00
 0.21348202E+21 0.00000000E+00
 0.21108638E+21 0.00000000E+00
 0.20871559E+21 0.00000000E+00
 0.20636940E+21 0.00000000E+00
 0.20404757E+21 0.00000000E+00
 0.20174986E+21 0.00000000E+00
 0.19947606E+21 0.00000000E+00
 0.19722591E+21 0.00000000E+00
 0.19499920E+21 0.00000000E+00
 0.19279569E+21 0.00000000E+00
 0.19061516E+21 0.00000000E+00
 0.18845738E+21 0.00000000E+00
 0.18632213E+21 0.00000000E+00
 0.18420920E+21 0.00000000E+00
 0.18211836E+21 0.00000000E+00
 0.18004940E+21 0.00000000E+00
 0.17800211E+21 0.00000000E+00
 0.17597627E+21 0.00000000E+00
 0.17397168E+21 0.00000000E+00
 0.17198813E+21 0.00000000E+00
 0.17002541E+21 0.00000000E+00
 0.16808332E+21 0.00000000E+00
 0.16616153E+21 0.00000000E+00
 0.16426010E+21 0.00000000E+00
 0.16237869E+21 0.00000000E+00
 0.16051711E+21 0.00000000E+00
 0.15867544E+21 0.00000000E+00
 0.15685295E+21 0.00000000E+00
 0.15504971E+21 0.00000000E+00
 0.15326553E+21 0.00000000E+00
 0.15150024E+21 0.00000000E+00
 0.14975364E+21 0.00000000E+00
 0.14802554E+21 0.00000000E+00
 0.14631577E+21 0.00000000E+00
 0.14462415E+21 0.00000000E+00
 0.14295050E+21 0.00000000E+00
 0.14129464E+21 0.00000000E+00
 0.13965639E+21 0.00000000E+00
 0.13803558E+21 0.00000000E+00
 0.13643205E+21 0.00000000E+00
 0.13484561E+21 0.00000000E+00
 0.13327610E+21 0.00000000E+00
 0.13172335E+21 0.00000000E+00
 0.13018721E+21 0.00000000E+00
 0.12866749E+21 0.00000000E+00
 0.12716404E+21 0.00000000E+00
 0.12567670E+21 0.00000000E+00
 0.12420483E+21 0.00000000E+00
 0.12274923E+21 0.00000000E+00
 0.12130926E+21 0.00000000E+00
 0.11988478E+21 0.00000000E+00
 0.11847561E+21 0.00000000E+00
 0.11708162E+21 0.00000000E+00
 0.11570264E+21 0.00000000E+00
 0.11433849E+21 0.00000000E+00
 0.11298912E+21 0.00000000E+00
 0.11165431E+21 0.00000000E+00
 0.11033395E+21 0.00000000E+00
 0.10902795E+21 0.00000000E+00
 0.10773600E+21 0.00000000E+00
 0.10645806E+21 0.00000000E+00
 0.10519398E+21 0.00000000E+00
 0.10394363E+21 0.00000000E+00
 0.10270686E+21 0.00000000E+00
 0.10148354E+21 0.00000000E+00
 0.10027353E+21 0.00000000E+00
 0.99076705E+20 0.00000000E+00
 0.97892929E+20 0.00000000E+00
 0.96722070E+20 0.00000000E+00
 0.95563998E+20 0.00000000E+00
 0.94418586E+20 0.00000000E+00
 0.93285704E+20 0.00000000E+00
 0.92165227E+20 0.00000000E+00
 0.91057029E+20 0.00000000E+00
 0.89960988E+20 0.00000000E+00
 0.88876980E+20 0.00000000E+00
 0.87804891E+20 0.00000000E+00
 0.86744585E+20 0.00000000E+00
 0.85695951E+20 0.00000000E+00
 0.84658870E+20 0.00000000E+00
 0.83633225E+20 0.00000000E+00
 0.82618895E+20 0.00000000E+00
 0.81615775E+20 0.00000000E+00
 0.80623744E+20 0.00000000E+00
 0.79642685E+20 0.00000000E+00
 0.78672501E+20 0.00000000E+00
 0.77713074E+20 0.00000000E+00
 0.76764292E+20 0.00000000E+00
 0.75826049E+20 0.00000000E+00
 0.74898235E+20 0.00000000E+00
 0.73980745E+20 0.00000000E+00
 0.73073472E+20 0.00000000E+00
 0.72176312E+20 0.00000000E+00
 0.71289162E+20 0.00000000E+00
 0.70411917E+20 0.00000000E+00
 0.69544473E+20 0.00000000E+00
 0.68686736E+20 0.00000000E+00
 0.67838603E+20 0.00000000E+00
 0.66999977E+20 0.00000000E+00
 0.66170788E+20 0.00000000E+00
 0.65350891E+20 0.00000000E+00
 0.64540199E+20 0.00000000E+00
 0.63738627E+20 0.00000000E+00
 0.62946085E+20 0.00000000E+00
 0.62162471E+20 0.00000000E+00
 0.61387706E+20 0.00000000E+00
 0.60621681E+20 0.00000000E+00
 0.59864314E+20 0.00000000E+00
 0.59115514E+20 0.00000000E+00
 0.58375193E+20 0.00000000E+00
 0.57643263E+20 0.00000000E+00
 0.56919635E+20 0.00000000E+00
 0.56204221E+20 0.00000000E+00
 0.55496942E+20 0.00000000E+00
 0.54797708E+20 0.00000000E+00
 0.54106438E+20 0.00000000E+00
 0.53423239E+20 0.00000000E+00
 0.52747652E+20 0.00000000E+00
 0.52079781E+20 0.00000000E+00
 0.51419549E+20 0.00000000E+00
 0.50766835E+20 0.00000000E+00
 0.50121625E+20 0.00000000E+00
 0.49483819E+20 0.00000000E+00
 0.48853190E+20 0.00000000E+00
 0.48229639E+20 0.00000000E+00
 0.47613537E+20 0.00000000E+00
 0.47004522E+20 0.00000000E+00
 0.46402526E+20 0.00000000E+00
 0.45807457E+20 0.00000000E+00
 0.45219259E+20 0.00000000E+00
 0.44637859E+20 0.00000000E+00
 0.44063173E+20 0.00000000E+00
 0.43495135E+20 0.00000000E+00
 0.42933676E+20 0.00000000E+00
 0.42378724E+20 0.00000000E+00
 0.41830209E+20 0.00000000E+00
 0.41288065E+20 0.00000000E+00
 0.40752221E+20 0.00000000E+00
 0.40222623E+20 0.00000000E+00
 0.39699179E+20 0.00000000E+00
 0.39181747E+20 0.00000000E+00
 0.38670439E+20 0.00000000E+00
 0.38165101E+20 0.00000000E+00
 0.37665669E+20 0.00000000E+00
 0.37172078E+20 0.00000000E+00
 0.36684328E+20 0.00000000E+00
 0.36202166E+20 0.00000000E+00
 0.35725789E+20 0.00000000E+00
 0.35254935E+20 0.00000000E+00
 0.34789618E+20 0.00000000E+00
 0.34329779E+20 0.00000000E+00
 0.33875345E+20 0.00000000E+00
 0.33426259E+20 0.00000000E+00
 0.32982480E+20 0.00000000E+00
 0.32544072E+20 0.00000000E+00
 0.32110701E+20 0.00000000E+00
 0.31682456E+20 0.00000000E+00
 0.31259280E+20 0.00000000E+00
 0.30841108E+20 0.00000000E+00
 0.30427886E+20 0.00000000E+00
 0.30019570E+20 0.00000000E+00
 0.29616108E+20 0.00000000E+00
 0.29217433E+20 0.00000000E+00
 0.28823497E+20 0.00000000E+00
 0.28434249E+20 0.00000000E+00
 0.28049636E+20 0.00000000E+00
 0.27669607E+20 0.00000000E+00
 0.27294101E+20 0.00000000E+00
 0.26923087E+20 0.00000000E+00
 0.26556458E+20 0.00000000E+00
 0.26194258E+20 0.00000000E+00
 0.25836401E+20 0.00000000E+00
 0.25482811E+20 0.00000000E+00
 0.25133465E+20 0.00000000E+00
 0.24788308E+20 0.00000000E+00
 0.24447294E+20 0.00000000E+00
 0.24110372E+20 0.00000000E+00
 0.23777503E+20 0.00000000E+00
 0.23448634E+20 0.00000000E+00
 0.23123723E+20 0.00000000E+00
 0.22802725E+20 0.00000000E+00
 0.22485597E+20 0.00000000E+00
 0.22172293E+20 0.00000000E+00
 0.21862771E+20 0.00000000E+00
 0.21556989E+20 0.00000000E+00
 0.21254903E+20 0.00000000E+00
 0.20956474E+20 0.00000000E+00
 0.20661659E+20 0.00000000E+00
 0.20370418E+20 0.00000000E+00
 0.20082712E+20 0.00000000E+00
 0.19798548E+20 0.00000000E+00
 0.19517795E+20 0.00000000E+00
 0.19240463E+20 0.00000000E+00
 0.18966516E+20 0.00000000E+00
 0.18695918E+20 0.00000000E+00
 0.18428633E+20 0.00000000E+00
 0.18164625E+20 0.00000000E+00
 0.17903860E+20 0.00000000E+00
 0.17646306E+20 0.00000000E+00
 0.17391837E+20 0.00000000E+00
 0.17140596E+20 0.00000000E+00
 0.16892462E+20 0.00000000E+00
 0.16647396E+20 0.00000000E+00
 0.16405456E+20 0.00000000E+00
 0.16166440E+20 0.00000000E+00
 0.15930399E+20 0.00000000E+00
 0.15697298E+20 0.00000000E+00
 0.15467112E+20 0.00000000E+00
 0.15239806E+20 0.00000000E+00
 0.15015348E+20 0.00000000E+00
 0.14793708E+20 0.00000000E+00
 0.14574855E+20 0.00000000E+00
 0.14358760E+20 0.00000000E+00
 0.14145392E+20 0.00000000E+00
 0.13934722E+20 0.00000000E+00
 0.13726719E+20 0.00000000E+00
 0.13521291E+20 0.00000000E+00
 0.13318604E+20 0.00000000E+00
 0.13118435E+20 0.00000000E+00
 0.12920819E+20 0.00000000E+00
 0.12725730E+20 0.00000000E+00
 0.12533139E+20 0.00000000E+00
 0.12343020E+20 0.00000000E+00
 0.12155345E+20 0.00000000E+00
 0.11970087E+20 0.00000000E+00
 0.11787219E+20 0.00000000E+00
 0.11606716E+20 0.00000000E+00
 0.11428493E+20 0.00000000E+00
