# su numc         je-cap (rev 296)                                            
 0.86173060E+26 0.11234961E+26
 0.86058614E+26 0.11183214E+26
 0.85944718E+26 0.11131711E+26
 0.85831388E+26 0.11080439E+26
 0.85718589E+26 0.11029379E+26
 0.85606373E+26 0.10978567E+26
 0.85494699E+26 0.10927981E+26
 0.85383548E+26 0.10877582E+26
 0.85272985E+26 0.10827458E+26
 0.85162911E+26 0.10777542E+26
 0.85053424E+26 0.10727803E+26
 0.84944469E+26 0.10678355E+26
 0.84836094E+26 0.10629103E+26
 0.84728208E+26 0.10580060E+26
 0.84620870E+26 0.10531244E+26
 0.84514001E+26 0.10482638E+26
 0.84407732E+26 0.10434244E+26
 0.84302006E+26 0.10386077E+26
 0.84196780E+26 0.10338116E+26
 0.84092066E+26 0.10290382E+26
 0.83987897E+26 0.10242858E+26
 0.83884164E+26 0.10195528E+26
 0.83781052E+26 0.10148435E+26
 0.83678421E+26 0.10101537E+26
 0.83576288E+26 0.10054854E+26
 0.83474670E+26 0.10008376E+26
 0.83373552E+26 0.99621050E+25
 0.83272917E+26 0.99160255E+25
 0.83172850E+26 0.98701838E+25
 0.83073288E+26 0.98245320E+25
 0.82974145E+26 0.97790812E+25
 0.82875536E+26 0.97338333E+25
 0.82777429E+26 0.96887937E+25
 0.82679805E+26 0.96439476E+25
 0.82582643E+26 0.95993059E+25
 0.82486001E+26 0.95548560E+25
 0.82389866E+26 0.95106174E+25
 0.82294369E+26 0.94665675E+25
 0.82199000E+26 0.94226974E+25
 0.82104256E+26 0.93790669E+25
 0.82010024E+26 0.93355897E+25
 0.81916294E+26 0.92923427E+25
 0.81822986E+26 0.92492537E+25
 0.81730181E+26 0.92063948E+25
 0.81637790E+26 0.91636913E+25
 0.81545944E+26 0.91212031E+25
 0.81454524E+26 0.90788991E+25
 0.81363533E+26 0.90367804E+25
 0.81272894E+26 0.89948569E+25
 0.81182998E+26 0.89531200E+25
 0.81093455E+26 0.89115703E+25
 0.81004320E+26 0.88702033E+25
 0.80915610E+26 0.88290250E+25
 0.80827412E+26 0.87880254E+25
 0.80739617E+26 0.87471985E+25
 0.80652267E+26 0.87065716E+25
 0.80565378E+26 0.86661386E+25
 0.80478942E+26 0.86258696E+25
 0.80392935E+26 0.85857832E+25
 0.80307304E+26 0.85458732E+25
 0.80222194E+26 0.85061514E+25
 0.80137461E+26 0.84665993E+25
 0.80053222E+26 0.84272279E+25
 0.79969340E+26 0.83880338E+25
 0.79885945E+26 0.83490134E+25
 0.79802948E+26 0.83101682E+25
 0.79720353E+26 0.82714851E+25
 0.79638200E+26 0.82329973E+25
 0.79556441E+26 0.81946743E+25
 0.79475107E+26 0.81565245E+25
 0.79394191E+26 0.81185422E+25
 0.79313689E+26 0.80807325E+25
 0.79233629E+26 0.80430855E+25
 0.79153947E+26 0.80056188E+25
 0.79074654E+26 0.79683032E+25
 0.78995795E+26 0.79311822E+25
 0.78917334E+26 0.78942136E+25
 0.78839249E+26 0.78574094E+25
 0.78761529E+26 0.78207692E+25
 0.78684245E+26 0.77842771E+25
 0.78607396E+26 0.77479855E+25
 0.78530875E+26 0.77118376E+25
 0.78454775E+26 0.76758422E+25
 0.78379064E+26 0.76400339E+25
 0.78303692E+26 0.76043661E+25
 0.78228824E+26 0.75688729E+25
 0.78154275E+26 0.75335293E+25
 0.78080082E+26 0.74983477E+25
 0.78006175E+26 0.74633096E+25
 0.77932781E+26 0.74284527E+25
 0.77859732E+26 0.73937259E+25
 0.77787062E+26 0.73591922E+25
 0.77714684E+26 0.73247879E+25
 0.77642657E+26 0.72905506E+25
 0.77571061E+26 0.72564601E+25
 0.77499932E+26 0.72225263E+25
 0.77428977E+26 0.71887379E+25
 0.77358470E+26 0.71551097E+25
 0.77288345E+26 0.71216303E+25
 0.77218433E+26 0.70882980E+25
 0.77149044E+26 0.70551185E+25
 0.77079949E+26 0.70220905E+25
 0.77011285E+26 0.69892052E+25
 0.76942797E+26 0.69564657E+25
 0.76874734E+26 0.69238859E+25
 0.76807081E+26 0.68914467E+25
 0.76739666E+26 0.68591542E+25
 0.76672544E+26 0.68269974E+25
 0.76605899E+26 0.67950053E+25
 0.76539558E+26 0.67631495E+25
 0.76473519E+26 0.67314303E+25
 0.76407803E+26 0.66998615E+25
 0.76342452E+26 0.66684324E+25
 0.76277445E+26 0.66371422E+25
 0.76212651E+26 0.66059974E+25
 0.76148248E+26 0.65749953E+25
 0.76084198E+26 0.65441281E+25
 0.76020447E+26 0.65133990E+25
 0.75956939E+26 0.64828127E+25
 0.75893863E+26 0.64523625E+25
 0.75831161E+26 0.64220476E+25
 0.75768672E+26 0.63918725E+25
 0.75706470E+26 0.63618346E+25
 0.75644532E+26 0.63319298E+25
 0.75583003E+26 0.63021601E+25
 0.75521696E+26 0.62725233E+25
 0.75460843E+26 0.62430233E+25
 0.75400186E+26 0.62136552E+25
 0.75339789E+26 0.61844169E+25
 0.75279649E+26 0.61553145E+25
 0.75219960E+26 0.61263430E+25
 0.75160509E+26 0.60974975E+25
 0.75101201E+26 0.60687881E+25
 0.75042294E+26 0.60402065E+25
 0.74983964E+26 0.60117540E+25
 0.74925366E+26 0.59834307E+25
 0.74867299E+26 0.59552251E+25
 0.74809664E+26 0.59271631E+25
 0.74752097E+26 0.58992209E+25
 0.74694988E+26 0.58714029E+25
 0.74637929E+26 0.58437114E+25
 0.74581301E+26 0.58161392E+25
 0.74524931E+26 0.57887074E+25
 0.74468868E+26 0.57613885E+25
 0.74413017E+26 0.57341964E+25
 0.74357451E+26 0.57071263E+25
 0.74302161E+26 0.56801765E+25
 0.74247020E+26 0.56533508E+25
 0.74192196E+26 0.56266376E+25
 0.74137699E+26 0.56000542E+25
 0.74083452E+26 0.55735964E+25
 0.74029505E+26 0.55472524E+25
 0.73975734E+26 0.55210292E+25
 0.73922131E+26 0.54949222E+25
 0.73868862E+26 0.54689268E+25
 0.73815942E+26 0.54430616E+25
 0.73763106E+26 0.54173084E+25
 0.73710571E+26 0.53916621E+25
 0.73658397E+26 0.53661473E+25
 0.73606362E+26 0.53407423E+25
 0.73554455E+26 0.53154514E+25
 0.73503007E+26 0.52902752E+25
 0.73451655E+26 0.52652120E+25
 0.73400585E+26 0.52402612E+25
 0.73349711E+26 0.52154245E+25
 0.73299067E+26 0.51907009E+25
 0.73248600E+26 0.51660899E+25
 0.73198409E+26 0.51415897E+25
 0.73148475E+26 0.51172000E+25
 0.73098814E+26 0.50929206E+25
 0.73049329E+26 0.50687513E+25
 0.72999953E+26 0.50446796E+25
 0.72951004E+26 0.50207395E+25
 0.72902134E+26 0.49968936E+25
 0.72853493E+26 0.49731625E+25
 0.72805114E+26 0.49495352E+25
 0.72756876E+26 0.49260147E+25
 0.72708887E+26 0.49025969E+25
 0.72661107E+26 0.48792960E+25
 0.72613435E+26 0.48560921E+25
 0.72566101E+26 0.48329880E+25
 0.72518926E+26 0.48100048E+25
 0.72471929E+26 0.47871091E+25
 0.72425148E+26 0.47643331E+25
 0.72378557E+26 0.47416446E+25
 0.72332184E+26 0.47190737E+25
 0.72285982E+26 0.46965993E+25
 0.72240003E+26 0.46742209E+25
 0.72194115E+26 0.46519503E+25
 0.72148432E+26 0.46297668E+25
 0.72103104E+26 0.46076978E+25
 0.72057848E+26 0.45857391E+25
 0.72012697E+26 0.45638653E+25
 0.71967910E+26 0.45420944E+25
 0.71923223E+26 0.45204204E+25
 0.71878739E+26 0.44988465E+25
 0.71834245E+26 0.44773677E+25
 0.71790154E+26 0.44559885E+25
 0.71746125E+26 0.44347071E+25
 0.71702266E+26 0.44135132E+25
 0.71658565E+26 0.43924289E+25
 0.71615134E+26 0.43714370E+25
 0.71571744E+26 0.43505396E+25
 0.71528578E+26 0.43297294E+25
 0.71485634E+26 0.43090231E+25
 0.71442718E+26 0.42884067E+25
 0.71400055E+26 0.42678803E+25
 0.71357620E+26 0.42474498E+25
 0.71315166E+26 0.42271218E+25
 0.71272953E+26 0.42068664E+25
 0.71231003E+26 0.41867219E+25
 0.71189006E+26 0.41666625E+25
 0.71147120E+26 0.41466920E+25
 0.71105663E+26 0.41268112E+25
 0.71064184E+26 0.41070208E+25
 0.71022947E+26 0.40873253E+25
 0.70981755E+26 0.40677165E+25
 0.70940783E+26 0.40481964E+25
 0.70899912E+26 0.40287649E+25
 0.70859214E+26 0.40094210E+25
 0.70818590E+26 0.39901650E+25
 0.70777982E+26 0.39709897E+25
 0.70737612E+26 0.39519153E+25
 0.70697533E+26 0.39329193E+25
 0.70602341E+26 0.39140060E+25
 0.70562476E+26 0.38951906E+25
 0.70523578E+26 0.38764535E+25
 0.70537966E+26 0.38578015E+25
 0.70498372E+26 0.38392349E+25
 0.70458868E+26 0.38207541E+25
 0.70419627E+26 0.38023533E+25
 0.70380403E+26 0.37840385E+25
 0.70341391E+26 0.37658070E+25
 0.70302414E+26 0.37476581E+25
 0.70263519E+26 0.37295917E+25
 0.70224714E+26 0.37116051E+25
 0.70186160E+26 0.36937052E+25
 0.70147605E+26 0.36758836E+25
 0.70109226E+26 0.36581405E+25
 0.70070944E+26 0.36404854E+25
 0.70032741E+26 0.36229056E+25
 0.69994662E+26 0.36054072E+25
 0.69956598E+26 0.35879871E+25
 0.69918681E+26 0.35706464E+25
 0.69880951E+26 0.35533850E+25
 0.69843191E+26 0.35362022E+25
 0.69805533E+26 0.35190972E+25
 0.69768100E+26 0.35020638E+25
 0.69730786E+26 0.34851128E+25
 0.69693336E+26 0.34682408E+25
 0.69656180E+26 0.34514463E+25
 0.69619069E+26 0.34347293E+25
 0.69582039E+26 0.34180866E+25
 0.69545000E+26 0.34015189E+25
 0.69508190E+26 0.33850261E+25
 0.69471392E+26 0.33686099E+25
 0.69434672E+26 0.33522667E+25
 0.69398038E+26 0.33359948E+25
 0.69361459E+26 0.33198080E+25
 0.69324974E+26 0.33036872E+25
 0.69288580E+26 0.32876402E+25
 0.69252257E+26 0.32716673E+25
 0.69215970E+26 0.32557647E+25
 0.69179683E+26 0.32399361E+25
 0.69143579E+26 0.32241798E+25
 0.69107583E+26 0.32084937E+25
 0.69071619E+26 0.31928806E+25
 0.69035516E+26 0.31773377E+25
 0.68999725E+26 0.31618655E+25
 0.68964123E+26 0.31464649E+25
 0.68928270E+26 0.31311332E+25
 0.68892464E+26 0.31158712E+25
 0.68856893E+26 0.31006791E+25
 0.68821391E+26 0.30855564E+25
 0.68785875E+26 0.30705024E+25
 0.68750391E+26 0.30555167E+25
 0.68714873E+26 0.30405990E+25
 0.68679576E+26 0.30257498E+25
 0.68644259E+26 0.30109682E+25
 0.68608953E+26 0.29962538E+25
 0.68573737E+26 0.29816063E+25
 0.68538540E+26 0.29670261E+25
 0.68503408E+26 0.29525113E+25
 0.68468356E+26 0.29380633E+25
 0.68433192E+26 0.29236809E+25
 0.68398276E+26 0.29093644E+25
 0.40627771E+26 0.28951129E+25
 0.31237202E+26 0.28809262E+25
 0.31271013E+26 0.28668040E+25
 0.62705345E+26 0.28527463E+25
 0.68223633E+26 0.28387528E+25
 0.68188794E+26 0.28248223E+25
 0.68153870E+26 0.28109568E+25
 0.68119105E+26 0.27971535E+25
 0.68084400E+26 0.27834132E+25
 0.68049698E+26 0.27697354E+25
 0.68014968E+26 0.27561199E+25
 0.67980309E+26 0.27425674E+25
 0.67945575E+26 0.27290753E+25
 0.67910919E+26 0.27156457E+25
 0.67876239E+26 0.27022771E+25
 0.67841671E+26 0.26889695E+25
 0.67806959E+26 0.26757177E+25
 0.67772356E+26 0.26625308E+25
 0.67737794E+26 0.26494080E+25
 0.67703129E+26 0.26363420E+25
 0.67668651E+26 0.26233348E+25
 0.67634064E+26 0.26103829E+25
 0.67599471E+26 0.25974928E+25
 0.67564894E+26 0.25846674E+25
 0.67530220E+26 0.25718954E+25
 0.67495670E+26 0.25591827E+25
 0.67461029E+26 0.25465271E+25
 0.67426500E+26 0.25339295E+25
 0.67391965E+26 0.25213891E+25
 0.67357312E+26 0.25089006E+25
 0.67322762E+26 0.24964797E+25
 0.67288114E+26 0.24841102E+25
 0.67253358E+26 0.24717935E+25
 0.67218793E+26 0.24595405E+25
 0.67184076E+26 0.24473394E+25
 0.67149366E+26 0.24351939E+25
 0.67114731E+26 0.24231040E+25
 0.67080095E+26 0.24110692E+25
 0.67045219E+26 0.23990887E+25
 0.67010587E+26 0.23871647E+25
 0.66975815E+26 0.23752935E+25
 0.66941112E+26 0.23634721E+25
 0.66906114E+26 0.23517142E+25
 0.66871256E+26 0.23400051E+25
 0.66836401E+26 0.23283496E+25
 0.66801454E+26 0.23167474E+25
 0.66766397E+26 0.23051978E+25
 0.66731422E+26 0.22937009E+25
 0.66696372E+26 0.22822566E+25
 0.66661384E+26 0.22708647E+25
 0.66626282E+26 0.22595246E+25
 0.66591115E+26 0.22482334E+25
 0.66555956E+26 0.22369994E+25
 0.66520666E+26 0.22258139E+25
 0.66485358E+26 0.22146793E+25
 0.66450041E+26 0.22035962E+25
 0.66414619E+26 0.21925632E+25
 0.66379294E+26 0.21815802E+25
 0.66343572E+26 0.21706479E+25
 0.66308146E+26 0.21597617E+25
 0.66272661E+26 0.21489319E+25
 0.66236865E+26 0.21381489E+25
 0.66201206E+26 0.21274142E+25
 0.66165404E+26 0.21167291E+25
 0.66129487E+26 0.21060925E+25
 0.66093644E+26 0.20955030E+25
 0.66057748E+26 0.20849651E+25
 0.66021733E+26 0.20744738E+25
 0.65985564E+26 0.20640300E+25
 0.65949508E+26 0.20536343E+25
 0.65913313E+26 0.20432862E+25
 0.65876976E+26 0.20329851E+25
 0.65840679E+26 0.20227304E+25
 0.65804064E+26 0.20125238E+25
 0.65767594E+26 0.20023602E+25
 0.65730915E+26 0.19922461E+25
 0.65694227E+26 0.19821813E+25
 0.65657486E+26 0.19721589E+25
 0.65620622E+26 0.19621837E+25
 0.65583688E+26 0.19522521E+25
 0.65546658E+26 0.19423668E+25
 0.65509501E+26 0.19325267E+25
 0.65472368E+26 0.19227280E+25
 0.65434882E+26 0.19129809E+25
 0.65397515E+26 0.19032750E+25
 0.65360225E+26 0.18936135E+25
 0.65322621E+26 0.18839963E+25
 0.65285027E+26 0.18744229E+25
 0.65247249E+26 0.18648929E+25
 0.65209362E+26 0.18554066E+25
 0.65171363E+26 0.18459639E+25
 0.65133122E+26 0.18365642E+25
 0.65095175E+26 0.18272076E+25
 0.65056736E+26 0.18178900E+25
 0.65018328E+26 0.18086222E+25
 0.64979841E+26 0.17993933E+25
 0.64941147E+26 0.17902064E+25
 0.64902312E+26 0.17810613E+25
 0.64863455E+26 0.17719585E+25
 0.64824510E+26 0.17628975E+25
 0.64785363E+26 0.17538738E+25
 0.64746221E+26 0.17448986E+25
 0.64706759E+26 0.17359610E+25
 0.64667226E+26 0.17270636E+25
 0.64627618E+26 0.17182079E+25
 0.64587913E+26 0.17093924E+25
 0.64548149E+26 0.17006170E+25
 0.64507911E+26 0.16918817E+25
 0.64467809E+26 0.16831839E+25
 0.64427531E+26 0.16745312E+25
 0.64387028E+26 0.16659153E+25
 0.64346637E+26 0.16573388E+25
 0.64305958E+26 0.16488013E+25
 0.64265053E+26 0.16403034E+25
 0.64224018E+26 0.16318419E+25
 0.64183079E+26 0.16234233E+25
 0.64141689E+26 0.16150412E+25
 0.64100351E+26 0.16066973E+25
 0.64058761E+26 0.15983920E+25
 0.64017035E+26 0.15901245E+25
 0.63975119E+26 0.15818949E+25
 0.63933234E+26 0.15737028E+25
 0.63890963E+26 0.15655482E+25
 0.63848628E+26 0.15574310E+25
 0.63806152E+26 0.15493477E+25
 0.63763349E+26 0.15413073E+25
 0.63720428E+26 0.15333010E+25
 0.63677554E+26 0.15253314E+25
 0.63634528E+26 0.15173970E+25
 0.63590989E+26 0.15095016E+25
 0.63547408E+26 0.15016407E+25
 0.63503819E+26 0.14938159E+25
 0.63459988E+26 0.14860270E+25
 0.63415982E+26 0.14782738E+25
 0.63371626E+26 0.14705562E+25
 0.63327410E+26 0.14628740E+25
 0.63282683E+26 0.14552266E+25
 0.63237930E+26 0.14476145E+25
 0.63193040E+26 0.14400377E+25
 0.63147971E+26 0.14324949E+25
 0.63102457E+26 0.14249869E+25
 0.63057003E+26 0.14175133E+25
 0.63011360E+26 0.14100738E+25
 0.62965482E+26 0.14026687E+25
 0.62919274E+26 0.13952975E+25
 0.62872925E+26 0.13879601E+25
 0.62826414E+26 0.13806561E+25
 0.62779813E+26 0.13733858E+25
 0.62732880E+26 0.13661467E+25
 0.62685609E+26 0.13589450E+25
 0.62638438E+26 0.13517741E+25
 0.62590864E+26 0.13446362E+25
 0.62543156E+26 0.13375311E+25
 0.62495154E+26 0.13304584E+25
 0.62447094E+26 0.13234184E+25
 0.62398703E+26 0.13164106E+25
 0.62350198E+26 0.13094349E+25
 0.62301188E+26 0.13024912E+25
 0.62252258E+26 0.12955771E+25
 0.62202789E+26 0.12886972E+25
 0.62153382E+26 0.12818509E+25
 0.62103719E+26 0.12750313E+25
 0.62053740E+26 0.12682480E+25
 0.62003576E+26 0.12614938E+25
 0.61953155E+26 0.12547682E+25
 0.61902449E+26 0.12480777E+25
 0.61851666E+26 0.12414158E+25
 0.61800635E+26 0.12347827E+25
 0.61749226E+26 0.12281835E+25
 0.61697665E+26 0.12216130E+25
 0.61645764E+26 0.12150721E+25
 0.61593648E+26 0.12085619E+25
 0.61541383E+26 0.12020825E+25
 0.61488911E+26 0.11956311E+25
 0.61436083E+26 0.11892112E+25
 0.61382980E+26 0.11828202E+25
 0.61329516E+26 0.11764574E+25
 0.61275892E+26 0.11701249E+25
 0.61222203E+26 0.11638226E+25
 0.61168201E+26 0.11575482E+25
 0.61113840E+26 0.11513029E+25
 0.61059088E+26 0.11450861E+25
 0.61004327E+26 0.11388981E+25
 0.60949279E+26 0.11327386E+25
 0.60893925E+26 0.11266074E+25
 0.60838333E+26 0.11205048E+25
 0.60782236E+26 0.11144298E+25
 0.60726234E+26 0.11083830E+25
 0.60669622E+26 0.11023641E+25
 0.60612997E+26 0.10963730E+25
 0.60555877E+26 0.10904096E+25
 0.60498602E+26 0.10844734E+25
 0.60441168E+26 0.10785650E+25
 0.60383257E+26 0.10726837E+25
 0.60325183E+26 0.10668296E+25
 0.60266851E+26 0.10610025E+25
 0.60208104E+26 0.10552023E+25
 0.60149197E+26 0.10494289E+25
 0.60089760E+26 0.10436823E+25
 0.60030386E+26 0.10379617E+25
 0.59970523E+26 0.10322685E+25
 0.59910354E+26 0.10266006E+25
 0.59849998E+26 0.10209601E+25
 0.59789148E+26 0.10153450E+25
 0.59728206E+26 0.10097560E+25
 0.59666893E+26 0.10041929E+25
 0.59605236E+26 0.99865547E+24
 0.59543361E+26 0.99314327E+24
 0.59481239E+26 0.98765760E+24
 0.59418840E+26 0.98219681E+24
 0.59356092E+26 0.97676137E+24
 0.59292863E+26 0.97135060E+24
 0.59229303E+26 0.96596430E+24
 0.59165773E+26 0.96060589E+24
 0.59101673E+26 0.95526895E+24
 0.59037436E+26 0.94995964E+24
 0.58972662E+26 0.94467439E+24
 0.58907840E+26 0.93941319E+24
 0.58842475E+26 0.93417406E+24
 0.58777054E+26 0.92896403E+24
 0.58711085E+26 0.92377586E+24
 0.58644744E+26 0.91861140E+24
 0.58578317E+26 0.91347144E+24
 0.58511429E+26 0.90835581E+24
 0.58444154E+26 0.90326362E+24
 0.58376842E+26 0.89819470E+24
 0.58309015E+26 0.89315031E+24
 0.58240820E+26 0.88812911E+24
 0.58172316E+26 0.88313114E+24
 0.58103590E+26 0.87815621E+24
 0.58034532E+26 0.87320527E+24
 0.57964873E+26 0.86827712E+24
 0.57895310E+26 0.86337197E+24
 0.57825221E+26 0.85848975E+24
 0.57754654E+26 0.85363037E+24
 0.57683866E+26 0.84879371E+24
 0.57612898E+26 0.84397984E+24
 0.57541357E+26 0.83918830E+24
 0.57469400E+26 0.83441945E+24
 0.55869210E+26 0.82967288E+24
 0.55777321E+26 0.82494855E+24
 0.55850216E+26 0.82024653E+24
 0.57179116E+26 0.81556647E+24
 0.57105598E+26 0.81090841E+24
 0.57031921E+26 0.80627224E+24
 0.56957765E+26 0.80165793E+24
 0.56883505E+26 0.79706530E+24
 0.56808625E+26 0.79249429E+24
 0.56733392E+26 0.78794481E+24
 0.56658029E+26 0.78341679E+24
 0.56582241E+26 0.77891013E+24
 0.56506052E+26 0.77442471E+24
 0.56429440E+26 0.76996052E+24
 0.56352602E+26 0.76551738E+24
 0.56275506E+26 0.76109525E+24
 0.56197954E+26 0.75669408E+24
 0.56120060E+26 0.75231371E+24
 0.56041772E+26 0.74795410E+24
 0.55962973E+26 0.74361517E+24
 0.55884096E+26 0.73929679E+24
 0.55804937E+26 0.73499891E+24
 0.55725261E+26 0.73072144E+24
 0.55645320E+26 0.72646430E+24
 0.55565018E+26 0.72222740E+24
 0.55484417E+26 0.71801067E+24
 0.55403447E+26 0.71381401E+24
 0.55321913E+26 0.70963736E+24
 0.55240320E+26 0.70548067E+24
 0.55158179E+26 0.70134383E+24
 0.55075809E+26 0.69722674E+24
 0.54992827E+26 0.69312932E+24
 0.54909802E+26 0.68905148E+24
 0.53055350E+26 0.68499316E+24
 0.52641332E+26 0.68095429E+24
 0.52559342E+26 0.67693480E+24
 0.53843246E+26 0.67293456E+24
 0.54489143E+26 0.66895357E+24
 0.54403892E+26 0.66499169E+24
 0.54318390E+26 0.66104887E+24
 0.54232626E+26 0.65712503E+24
 0.54146283E+26 0.65322013E+24
 0.54059746E+26 0.64933404E+24
 0.53972894E+26 0.64546671E+24
 0.53885269E+26 0.64161806E+24
 0.53797674E+26 0.63778802E+24
 0.53709999E+26 0.63397653E+24
 0.53621713E+26 0.63018353E+24
 0.53533106E+26 0.62640886E+24
 0.53443725E+26 0.62265257E+24
 0.53354570E+26 0.61891451E+24
 0.53265008E+26 0.61519462E+24
 0.53174911E+26 0.61149285E+24
 0.53084641E+26 0.60780912E+24
 0.52993945E+26 0.60414335E+24
 0.52902874E+26 0.60049545E+24
 0.52811496E+26 0.59686542E+24
 0.52719733E+26 0.59325312E+24
 0.52627649E+26 0.58965852E+24
 0.52535205E+26 0.58608154E+24
 0.52442455E+26 0.58252212E+24
 0.52349363E+26 0.57898019E+24
 0.45508289E+26 0.57545568E+24
 0.41615211E+26 0.57194852E+24
 0.41531767E+26 0.56845864E+24
 0.50387806E+26 0.56498599E+24
 0.51878931E+26 0.56153048E+24
 0.51783618E+26 0.55809206E+24
 0.51688204E+26 0.55467068E+24
 0.51592717E+26 0.55126624E+24
 0.51496752E+26 0.54787871E+24
 0.51400280E+26 0.54450799E+24
 0.51303660E+26 0.54115405E+24
 0.51206472E+26 0.53781680E+24
 0.51108996E+26 0.53449619E+24
 0.51011532E+26 0.53119216E+24
 0.50913258E+26 0.52790463E+24
 0.50814863E+26 0.52463356E+24
 0.50716452E+26 0.52137887E+24
 0.50617387E+26 0.51814051E+24
 0.50518379E+26 0.51491841E+24
 0.50418839E+26 0.51171253E+24
 0.50318684E+26 0.50852277E+24
 0.50218545E+26 0.50534911E+24
 0.50117922E+26 0.50219146E+24
 0.50017482E+26 0.49904977E+24
 0.49916172E+26 0.49592398E+24
 0.49815049E+26 0.49281405E+24
 0.49713235E+26 0.48971989E+24
 0.49611208E+26 0.48664147E+24
 0.49508682E+26 0.48357869E+24
 0.49406075E+26 0.48053153E+24
 0.49303240E+26 0.47749991E+24
 0.49200256E+26 0.47448378E+24
 0.49096581E+26 0.47148307E+24
 0.48993103E+26 0.46849774E+24
 0.48888705E+26 0.46552772E+24
 0.48784434E+26 0.46257296E+24
 0.48679672E+26 0.45963341E+24
 0.48574898E+26 0.45670900E+24
 0.48469705E+26 0.45379967E+24
 0.48364261E+26 0.45090538E+24
 0.48258473E+26 0.44802608E+24
 0.48152510E+26 0.44516168E+24
 0.48046257E+26 0.44231215E+24
 0.47939709E+26 0.43947743E+24
 0.47833048E+26 0.43665747E+24
 0.47725833E+26 0.43385219E+24
 0.47618467E+26 0.43106157E+24
 0.47511157E+26 0.42828553E+24
 0.47403220E+26 0.42552404E+24
 0.43927352E+26 0.42277701E+24
 0.43817457E+26 0.42004442E+24
 0.44086458E+26 0.41732620E+24
 0.46969478E+26 0.41462229E+24
 0.46860325E+26 0.41193265E+24
 0.46751039E+26 0.40925722E+24
 0.46641479E+26 0.40659595E+24
 0.46531833E+26 0.40394878E+24
 0.46421647E+26 0.40131566E+24
 0.46311408E+26 0.39869655E+24
 0.46200986E+26 0.39609138E+24
 0.46090324E+26 0.39350010E+24
 0.45979255E+26 0.39092267E+24
 0.45868405E+26 0.38835903E+24
 0.45757054E+26 0.38580911E+24
 0.45645468E+26 0.38327289E+24
 0.45533562E+26 0.38075030E+24
 0.45421512E+26 0.37824131E+24
 0.45309505E+26 0.37574584E+24
 0.45197167E+26 0.37326384E+24
 0.45084349E+26 0.37079528E+24
 0.44971638E+26 0.36834010E+24
 0.44858492E+26 0.36589824E+24
 0.44745289E+26 0.36346967E+24
 0.44632045E+26 0.36105432E+24
 0.44518478E+26 0.35865215E+24
 0.44404637E+26 0.35626310E+24
 0.44290828E+26 0.35388713E+24
 0.44176379E+26 0.35152418E+24
 0.44062307E+26 0.34917421E+24
 0.43875061E+26 0.34683717E+24
 0.43749744E+26 0.34451300E+24
 0.43635329E+26 0.34220165E+24
 0.43603426E+26 0.33990307E+24
 0.43488384E+26 0.33761723E+24
 0.43373043E+26 0.33534406E+24
 0.43257666E+26 0.33308353E+24
 0.43142198E+26 0.33083557E+24
 0.43026299E+26 0.32860016E+24
 0.42009010E+26 0.32637723E+24
 0.41160772E+26 0.32416673E+24
 0.41047237E+26 0.32196863E+24
 0.42180530E+26 0.31978286E+24
 0.42445607E+26 0.31760939E+24
 0.42328982E+26 0.31544816E+24
 0.42212223E+26 0.31329911E+24
 0.42095521E+26 0.31116222E+24
 0.41978701E+26 0.30903742E+24
 0.41861548E+26 0.30692468E+24
 0.41744554E+26 0.30482392E+24
 0.41627154E+26 0.30273514E+24
 0.41509816E+26 0.30065825E+24
 0.41392292E+26 0.29859322E+24
 0.41274799E+26 0.29654001E+24
 0.41157040E+26 0.29449856E+24
 0.41039247E+26 0.29246883E+24
 0.40921302E+26 0.29045076E+24
 0.40803545E+26 0.28844432E+24
 0.40685444E+26 0.28644945E+24
 0.40567354E+26 0.28446607E+24
 0.40449137E+26 0.28249421E+24
 0.40330886E+26 0.28053379E+24
 0.40212589E+26 0.27858476E+24
 0.40094067E+26 0.27664707E+24
 0.39975517E+26 0.27472067E+24
 0.39699303E+26 0.27280553E+24
 0.39575957E+26 0.27090158E+24
 0.39462794E+26 0.26900880E+24
 0.39501088E+26 0.26712712E+24
 0.39382242E+26 0.26525650E+24
 0.39263462E+26 0.26339691E+24
 0.39144526E+26 0.26154828E+24
 0.39025779E+26 0.25971057E+24
 0.36822334E+26 0.25788376E+24
 0.36689022E+26 0.25606776E+24
 0.36736652E+26 0.25426257E+24
 0.38549831E+26 0.25246812E+24
 0.38430739E+26 0.25068436E+24
 0.38311684E+26 0.24891125E+24
 0.38192586E+26 0.24714875E+24
 0.38073421E+26 0.24539681E+24
 0.37954483E+26 0.24365539E+24
 0.37835317E+26 0.24192444E+24
 0.37716041E+26 0.24020391E+24
 0.37596963E+26 0.23849376E+24
 0.37477902E+26 0.23679395E+24
 0.37358648E+26 0.23510442E+24
 0.37239529E+26 0.23342514E+24
 0.37120548E+26 0.23175607E+24
 0.37001449E+26 0.23009715E+24
 0.36882244E+26 0.22844833E+24
 0.36763234E+26 0.22680959E+24
 0.36644221E+26 0.22518086E+24
 0.36525214E+26 0.22356211E+24
 0.36406254E+26 0.22195330E+24
 0.36287248E+26 0.22035437E+24
 0.36168365E+26 0.21876529E+24
 0.36049376E+26 0.21718601E+24
 0.35930510E+26 0.21561648E+24
 0.35811697E+26 0.21405666E+24
 0.35692923E+26 0.21250650E+24
 0.35574117E+26 0.21096599E+24
 0.33863096E+26 0.20943504E+24
 0.33734306E+26 0.20791364E+24
 0.33755533E+26 0.20640172E+24
 0.35099941E+26 0.20489925E+24
 0.34981433E+26 0.20340619E+24
 0.34863075E+26 0.20192249E+24
 0.34744809E+26 0.20044811E+24
 0.34626625E+26 0.19898299E+24
 0.34508383E+26 0.19752713E+24
 0.34390401E+26 0.19608045E+24
 0.34272272E+26 0.19464291E+24
 0.34154499E+26 0.19321447E+24
 0.34036665E+26 0.19179509E+24
 0.33919059E+26 0.19038473E+24
 0.33801090E+26 0.18898335E+24
 0.33683569E+26 0.18759089E+24
 0.33566108E+26 0.18620733E+24
 0.33448773E+26 0.18483261E+24
 0.33331420E+26 0.18346670E+24
 0.33214445E+26 0.18210954E+24
 0.33097326E+26 0.18076111E+24
 0.32980499E+26 0.17942135E+24
 0.32863460E+26 0.17809022E+24
 0.32746837E+26 0.17676769E+24
 0.32630170E+26 0.17545371E+24
 0.32513818E+26 0.17414824E+24
 0.32397383E+26 0.17285123E+24
 0.32280963E+26 0.17156265E+24
 0.32164851E+26 0.17028246E+24
 0.32048864E+26 0.16901060E+24
 0.31933004E+26 0.16774705E+24
 0.31817384E+26 0.16649175E+24
 0.31701606E+26 0.16524468E+24
 0.31586309E+26 0.16400578E+24
 0.31470810E+26 0.16277501E+24
 0.31355798E+26 0.16155234E+24
 0.31240761E+26 0.16033772E+24
 0.31125889E+26 0.15913112E+24
 0.31011176E+26 0.15793249E+24
 0.30896465E+26 0.15674179E+24
 0.30782084E+26 0.15555898E+24
 0.30667683E+26 0.15438401E+24
 0.30553590E+26 0.15321686E+24
 0.30439692E+26 0.15205749E+24
 0.30325739E+26 0.15090584E+24
 0.30212209E+26 0.14976187E+24
 0.30098531E+26 0.14862556E+24
 0.29985460E+26 0.14749686E+24
 0.29567608E+26 0.14637573E+24
 0.29278765E+26 0.14526212E+24
 0.29167783E+26 0.14415601E+24
 0.29497975E+26 0.14305735E+24
 0.29421419E+26 0.14196610E+24
 0.29309049E+26 0.14088222E+24
 0.29197195E+26 0.13980567E+24
 0.29085181E+26 0.13873642E+24
 0.28973424E+26 0.13767443E+24
 0.28861873E+26 0.13661965E+24
 0.28750591E+26 0.13557205E+24
 0.28639477E+26 0.13453159E+24
 0.28528447E+26 0.13349822E+24
 0.28417668E+26 0.13247192E+24
 0.28307047E+26 0.13145265E+24
 0.28196707E+26 0.13044035E+24
 0.28086537E+26 0.12943501E+24
 0.27976665E+26 0.12843658E+24
 0.27866764E+26 0.12744501E+24
 0.27757318E+26 0.12646028E+24
 0.27647996E+26 0.12548235E+24
 0.27538664E+26 0.12451117E+24
 0.27429734E+26 0.12354672E+24
 0.27320951E+26 0.12258894E+24
 0.27212483E+26 0.12163782E+24
 0.27104072E+26 0.12069330E+24
 0.26995939E+26 0.11975536E+24
 0.26888105E+26 0.11882395E+24
 0.26780551E+26 0.11789903E+24
 0.26672961E+26 0.11698058E+24
 0.26565713E+26 0.11606856E+24
 0.26458608E+26 0.11516292E+24
 0.26351996E+26 0.11426364E+24
 0.26245258E+26 0.11337067E+24
 0.26138966E+26 0.11248399E+24
 0.26032845E+26 0.11160354E+24
 0.25926941E+26 0.11072931E+24
 0.25821229E+26 0.10986125E+24
 0.25715799E+26 0.10899932E+24
 0.25610568E+26 0.10814350E+24
 0.25505611E+26 0.10729374E+24
 0.25400911E+26 0.10645001E+24
 0.25296337E+26 0.10561228E+24
 0.25192094E+26 0.10478051E+24
 0.25087980E+26 0.10395467E+24
 0.24984265E+26 0.10313471E+24
 0.24880669E+26 0.10232062E+24
 0.24777327E+26 0.10151234E+24
 0.24674261E+26 0.10070985E+24
 0.24571408E+26 0.99913121E+23
 0.24468779E+26 0.99122106E+23
 0.24366440E+26 0.98336777E+23
 0.24264374E+26 0.97557100E+23
 0.24162449E+26 0.96783039E+23
 0.24060808E+26 0.96014563E+23
 0.23959557E+26 0.95251637E+23
 0.23858322E+26 0.94494228E+23
 0.23757430E+26 0.93742303E+23
 0.23656803E+26 0.92995829E+23
 0.23556470E+26 0.92254772E+23
 0.23456308E+26 0.91519099E+23
 0.23356373E+26 0.90788779E+23
 0.23256795E+26 0.90063777E+23
 0.23157366E+26 0.89344063E+23
 0.23058277E+26 0.88629602E+23
 0.22959430E+26 0.87920364E+23
 0.22860803E+26 0.87216316E+23
 0.22762386E+26 0.86517426E+23
 0.22664351E+26 0.85823662E+23
 0.22566453E+26 0.85134992E+23
 0.22468922E+26 0.84451385E+23
 0.22371593E+26 0.83772809E+23
 0.22274522E+26 0.83099233E+23
 0.20394956E+26 0.82430626E+23
 0.18444057E+26 0.81766956E+23
 0.18367748E+26 0.81108193E+23
 0.21294470E+26 0.80454306E+23
 0.21793155E+26 0.79805264E+23
 0.21697648E+26 0.79161037E+23
 0.21602419E+26 0.78521594E+23
 0.21507475E+26 0.77886904E+23
 0.21412696E+26 0.77256938E+23
 0.21318220E+26 0.76631666E+23
 0.21224145E+26 0.76011061E+23
 0.21130237E+26 0.75395087E+23
 0.20833151E+26 0.74783716E+23
 0.20741060E+26 0.74176920E+23
 0.20704416E+26 0.73574669E+23
 0.20757282E+26 0.72976934E+23
 0.20664627E+26 0.72383687E+23
 0.20572315E+26 0.71794897E+23
 0.20480287E+26 0.71210536E+23
 0.20388560E+26 0.70630575E+23
 0.20297086E+26 0.70054986E+23
 0.20205848E+26 0.69483740E+23
 0.20114796E+26 0.68916809E+23
 0.20024189E+26 0.68354164E+23
 0.19933773E+26 0.67795778E+23
 0.19843601E+26 0.67241623E+23
 0.19753714E+26 0.66691670E+23
 0.19664138E+26 0.66145893E+23
 0.19574762E+26 0.65604263E+23
 0.19485675E+26 0.65066753E+23
 0.19396973E+26 0.64533336E+23
 0.19308315E+26 0.64003985E+23
 0.19220121E+26 0.63478672E+23
 0.19132222E+26 0.62957371E+23
 0.19044421E+26 0.62440055E+23
 0.18956977E+26 0.61926698E+23
 0.18869802E+26 0.61417272E+23
 0.18782913E+26 0.60911752E+23
 0.18696250E+26 0.60410110E+23
 0.18609925E+26 0.59912322E+23
 0.18523863E+26 0.59418361E+23
 0.18438079E+26 0.58928202E+23
 0.18352548E+26 0.58441817E+23
 0.18267262E+26 0.57959183E+23
 0.18182249E+26 0.57480273E+23
 0.18097630E+26 0.57005063E+23
 0.18013137E+26 0.56533526E+23
 0.17928984E+26 0.56065638E+23
 0.17845128E+26 0.55601374E+23
 0.17761429E+26 0.55140710E+23
 0.17678035E+26 0.54683619E+23
 0.17595027E+26 0.54230079E+23
 0.17512156E+26 0.53780064E+23
 0.17429641E+26 0.53333550E+23
 0.17347409E+26 0.52890513E+23
 0.17265418E+26 0.52450929E+23
 0.17183748E+26 0.52014774E+23
 0.17102310E+26 0.51582024E+23
 0.17021106E+26 0.51152655E+23
 0.16940225E+26 0.50726645E+23
 0.16859610E+26 0.50303969E+23
 0.16779293E+26 0.49884605E+23
 0.16699218E+26 0.49468529E+23
 0.16619370E+26 0.49055718E+23
 0.16539805E+26 0.48646149E+23
 0.16460622E+26 0.48239800E+23
 0.16381643E+26 0.47836647E+23
 0.16302888E+26 0.47436669E+23
 0.16224485E+26 0.47039843E+23
 0.16146319E+26 0.46646146E+23
 0.16068416E+26 0.46255557E+23
 0.15990786E+26 0.45868053E+23
 0.15913434E+26 0.45483613E+23
 0.15836334E+26 0.45102214E+23
 0.15759512E+26 0.44723836E+23
 0.15683049E+26 0.44348456E+23
 0.15606684E+26 0.43976053E+23
 0.15530684E+26 0.43606606E+23
 0.15454985E+26 0.43240094E+23
 0.15379473E+26 0.42876496E+23
 0.15304295E+26 0.42515790E+23
 0.15229369E+26 0.42157956E+23
 0.15154686E+26 0.41802973E+23
 0.15080277E+26 0.41450821E+23
 0.15006192E+26 0.41101479E+23
 0.14932325E+26 0.40754928E+23
 0.14858730E+26 0.40411145E+23
 0.14785430E+26 0.40070113E+23
 0.14712373E+26 0.39731810E+23
 0.14639564E+26 0.39396217E+23
 0.14567046E+26 0.39063314E+23
 0.14494787E+26 0.38733081E+23
 0.14422793E+26 0.38405500E+23
 0.14351089E+26 0.38080550E+23
 0.14279610E+26 0.37758212E+23
 0.14208418E+26 0.37438468E+23
 0.14137533E+26 0.37121297E+23
 0.14066847E+26 0.36806682E+23
 0.13996423E+26 0.36494604E+23
 0.13926288E+26 0.36185043E+23
 0.13856417E+26 0.35877981E+23
 0.13786806E+26 0.35573400E+23
 0.13717453E+26 0.35271282E+23
 0.13648367E+26 0.34971608E+23
 0.13579541E+26 0.34674359E+23
 0.13510961E+26 0.34379519E+23
 0.13442691E+26 0.34087069E+23
 0.13374644E+26 0.33796991E+23
 0.13306862E+26 0.33509268E+23
 0.13239323E+26 0.33223882E+23
 0.13172073E+26 0.32940816E+23
 0.13105052E+26 0.32660052E+23
 0.13038306E+26 0.32381573E+23
 0.12971837E+26 0.32105363E+23
 0.12905612E+26 0.31831403E+23
 0.12839634E+26 0.31559677E+23
 0.12773902E+26 0.31290169E+23
 0.12708453E+26 0.31022861E+23
 0.12643253E+26 0.30757737E+23
 0.12578300E+26 0.30494781E+23
 0.12513591E+26 0.30233975E+23
 0.12449144E+26 0.29975305E+23
 0.12384987E+26 0.29718753E+23
 0.12321026E+26 0.29464304E+23
 0.12257360E+26 0.29211942E+23
 0.12193935E+26 0.28961651E+23
 0.12130776E+26 0.28713415E+23
 0.12067841E+26 0.28467218E+23
 0.12005199E+26 0.28223045E+23
 0.11942720E+26 0.27980880E+23
 0.11880578E+26 0.27740709E+23
 0.11818660E+26 0.27502516E+23
 0.11757008E+26 0.27266285E+23
 0.11695572E+26 0.27032003E+23
 0.11634405E+26 0.26799653E+23
 0.11573493E+26 0.26569221E+23
 0.11512819E+26 0.26340692E+23
 0.11452372E+26 0.26114052E+23
 0.11392186E+26 0.25889286E+23
 0.11332251E+26 0.25666379E+23
 0.11272572E+26 0.25445318E+23
 0.11213111E+26 0.25226088E+23
 0.11153907E+26 0.25008674E+23
 0.11094951E+26 0.24793064E+23
 0.11036234E+26 0.24579242E+23
 0.10977759E+26 0.24367195E+23
 0.10919550E+26 0.24156910E+23
 0.10861541E+26 0.23948372E+23
 0.10803794E+26 0.23741567E+23
 0.10746291E+26 0.23536484E+23
 0.10689037E+26 0.23333107E+23
 0.10631993E+26 0.23131424E+23
 0.10575205E+26 0.22931421E+23
 0.10518642E+26 0.22733086E+23
 0.10462342E+26 0.22536405E+23
 0.10406256E+26 0.22341366E+23
 0.10350429E+26 0.22147955E+23
 0.10294828E+26 0.21956160E+23
 0.10239461E+26 0.21765967E+23
 0.10184346E+26 0.21577366E+23
 0.10129434E+26 0.21390342E+23
 0.10074769E+26 0.21204884E+23
 0.10020357E+26 0.21020979E+23
 0.99661588E+25 0.20838615E+23
 0.99121816E+25 0.20657780E+23
 0.98584777E+25 0.20478461E+23
 0.98049441E+25 0.20300648E+23
 0.97516853E+25 0.20124327E+23
 0.96986318E+25 0.19949487E+23
 0.96458179E+25 0.19776116E+23
 0.95932337E+25 0.19604204E+23
 0.95408931E+25 0.19433737E+23
 0.94887641E+25 0.19264705E+23
 0.94368618E+25 0.19097096E+23
 0.93851869E+25 0.18930898E+23
 0.93337414E+25 0.18766102E+23
 0.92825179E+25 0.18602695E+23
 0.92315177E+25 0.18440666E+23
 0.91807277E+25 0.18280005E+23
 0.91301761E+25 0.18120700E+23
 0.90798624E+25 0.17962741E+23
 0.90297504E+25 0.17806116E+23
 0.89798528E+25 0.17650816E+23
 0.89302012E+25 0.17496829E+23
 0.88807424E+25 0.17344145E+23
 0.88315173E+25 0.17192754E+23
 0.87825115E+25 0.17042645E+23
 0.87337478E+25 0.16893808E+23
 0.86851546E+25 0.16746232E+23
 0.86368153E+25 0.16599908E+23
 0.85886791E+25 0.16454825E+23
 0.85407471E+25 0.16310973E+23
 0.84930419E+25 0.16168343E+23
 0.84455522E+25 0.16026925E+23
 0.83982780E+25 0.15886708E+23
 0.83512147E+25 0.15747684E+23
 0.83043640E+25 0.15609842E+23
 0.82577216E+25 0.15473172E+23
 0.82113115E+25 0.15337666E+23
 0.81651120E+25 0.15203314E+23
 0.81190851E+25 0.15070106E+23
 0.80732876E+25 0.14938034E+23
 0.80277037E+25 0.14807088E+23
 0.79823356E+25 0.14677258E+23
 0.79371583E+25 0.14548537E+23
 0.78921944E+25 0.14420914E+23
 0.78474388E+25 0.14294380E+23
 0.78028897E+25 0.14168928E+23
 0.77585563E+25 0.14044548E+23
 0.77144056E+25 0.13921231E+23
 0.76704707E+25 0.13798969E+23
 0.76267609E+25 0.13677753E+23
 0.75832107E+25 0.13557574E+23
 0.75398818E+25 0.13438424E+23
 0.74967656E+25 0.13320295E+23
 0.74538408E+25 0.13203178E+23
 0.74111161E+25 0.13087065E+23
 0.73685927E+25 0.12971948E+23
 0.73262659E+25 0.12857817E+23
 0.72841382E+25 0.12744667E+23
 0.72422083E+25 0.12632487E+23
 0.72004743E+25 0.12521271E+23
 0.71589372E+25 0.12411010E+23
 0.71175974E+25 0.12301697E+23
 0.70764425E+25 0.12193324E+23
 0.70354989E+25 0.12085882E+23
 0.69947432E+25 0.11979365E+23
 0.69541782E+25 0.11873764E+23
 0.69137964E+25 0.11769072E+23
 0.68736167E+25 0.11665282E+23
 0.68336360E+25 0.11562386E+23
 0.67938380E+25 0.11460376E+23
 0.67542303E+25 0.11359246E+23
 0.67148139E+25 0.11258988E+23
 0.66755834E+25 0.11159594E+23
 0.66365316E+25 0.11061059E+23
 0.65976864E+25 0.10963373E+23
 0.65590208E+25 0.10866532E+23
 0.65205378E+25 0.10770526E+23
 0.64822431E+25 0.10675350E+23
 0.64441321E+25 0.10580997E+23
 0.64062068E+25 0.10487459E+23
 0.63684568E+25 0.10394731E+23
 0.63309036E+25 0.10302804E+23
 0.62935280E+25 0.10211673E+23
 0.62563320E+25 0.10121331E+23
 0.62193164E+25 0.10031771E+23
 0.61824831E+25 0.99429874E+22
 0.61458305E+25 0.98549726E+22
 0.61093542E+25 0.97677206E+22
 0.60730579E+25 0.96812251E+22
 0.60369410E+25 0.95954797E+22
 0.60010009E+25 0.95104782E+22
 0.59652340E+25 0.94262143E+22
 0.59296542E+25 0.93426818E+22
 0.58942348E+25 0.92598746E+22
 0.58589951E+25 0.91777867E+22
 0.58239328E+25 0.90964119E+22
 0.57890411E+25 0.90157442E+22
 0.57543256E+25 0.89357779E+22
 0.57197787E+25 0.88565068E+22
 0.56854068E+25 0.87779253E+22
 0.56512033E+25 0.87000275E+22
 0.56171710E+25 0.86228076E+22
 0.55833090E+25 0.85462599E+22
 0.55496157E+25 0.84703788E+22
 0.55160915E+25 0.83951587E+22
 0.54827366E+25 0.83205939E+22
 0.54495457E+25 0.82466790E+22
 0.54165232E+25 0.81734084E+22
 0.53836671E+25 0.81007767E+22
 0.53509777E+25 0.80287786E+22
 0.53184498E+25 0.79574086E+22
 0.52860895E+25 0.78866614E+22
 0.52538899E+25 0.78165319E+22
 0.52218522E+25 0.77470146E+22
 0.51899815E+25 0.76781045E+22
 0.51582679E+25 0.76097965E+22
 0.51267222E+25 0.75420853E+22
 0.50953316E+25 0.74749660E+22
 0.50641019E+25 0.74084335E+22
 0.50330319E+25 0.73424829E+22
 0.50021202E+25 0.72771091E+22
 0.49713673E+25 0.72123074E+22
 0.49407714E+25 0.71480728E+22
 0.49103384E+25 0.70844005E+22
 0.48800503E+25 0.70212858E+22
 0.48499234E+25 0.69587238E+22
 0.48199531E+25 0.68967100E+22
 0.47901359E+25 0.68352395E+22
 0.47604729E+25 0.67743079E+22
 0.47309628E+25 0.67139104E+22
 0.47016055E+25 0.66540426E+22
 0.46723991E+25 0.65946999E+22
 0.46433457E+25 0.65358778E+22
 0.46144445E+25 0.64775719E+22
 0.45856920E+25 0.64197778E+22
 0.45570897E+25 0.63624911E+22
 0.45286364E+25 0.63057075E+22
 0.45003316E+25 0.62494227E+22
 0.44721731E+25 0.61936323E+22
 0.44441644E+25 0.61383323E+22
 0.44163045E+25 0.60835183E+22
 0.43885881E+25 0.60291862E+22
 0.43610175E+25 0.59753319E+22
 0.43335908E+25 0.59219513E+22
 0.43063098E+25 0.58690404E+22
 0.42791609E+25 0.58165950E+22
 0.42521659E+25 0.57646112E+22
 0.42253163E+25 0.57130851E+22
 0.41986081E+25 0.56620126E+22
 0.41720411E+25 0.56113900E+22
 0.41456153E+25 0.55612134E+22
 0.41193299E+25 0.55114788E+22
 0.40931832E+25 0.54621826E+22
 0.40671782E+25 0.54133209E+22
 0.40413108E+25 0.53648900E+22
 0.40155818E+25 0.53168862E+22
 0.39899902E+25 0.52693059E+22
 0.39645359E+25 0.52221453E+22
 0.39392182E+25 0.51754008E+22
 0.39140352E+25 0.51290689E+22
 0.38889900E+25 0.50831460E+22
 0.38640786E+25 0.50376286E+22
 0.38393015E+25 0.49925132E+22
 0.38146580E+25 0.49477963E+22
 0.37901536E+25 0.49034745E+22
 0.37657771E+25 0.48595443E+22
 0.37415317E+25 0.48160024E+22
 0.37174111E+25 0.47728454E+22
 0.36934283E+25 0.47300699E+22
 0.36695759E+25 0.46876728E+22
 0.36458534E+25 0.46456507E+22
 0.36222604E+25 0.46040003E+22
 0.35987962E+25 0.45627186E+22
 0.35754604E+25 0.45218021E+22
 0.35522523E+25 0.44812479E+22
 0.35291714E+25 0.44410527E+22
 0.35062171E+25 0.44012134E+22
 0.34833892E+25 0.43617270E+22
 0.34606868E+25 0.43225904E+22
 0.34381095E+25 0.42838006E+22
 0.34156568E+25 0.42453545E+22
 0.33933281E+25 0.42072492E+22
 0.33711230E+25 0.41694817E+22
 0.33490407E+25 0.41320490E+22
 0.33270811E+25 0.40949484E+22
 0.33052433E+25 0.40581768E+22
 0.32835269E+25 0.40217314E+22
 0.32619315E+25 0.39856094E+22
 0.32404565E+25 0.39498079E+22
 0.32191013E+25 0.39143243E+22
 0.31978665E+25 0.38791556E+22
 0.31767494E+25 0.38442992E+22
 0.31557499E+25 0.38097524E+22
 0.31348690E+25 0.37755124E+22
 0.31141056E+25 0.37415766E+22
 0.30934588E+25 0.37079423E+22
 0.30729293E+25 0.36746069E+22
 0.30525138E+25 0.36415678E+22
 0.30322153E+25 0.36088224E+22
 0.30120308E+25 0.35763681E+22
 0.29919604E+25 0.35442024E+22
 0.29720031E+25 0.35123228E+22
 0.29521599E+25 0.34807268E+22
 0.29324294E+25 0.34494119E+22
 0.29128113E+25 0.34183757E+22
 0.28933049E+25 0.33876156E+22
 0.28739099E+25 0.33571294E+22
 0.28546256E+25 0.33269146E+22
 0.28354517E+25 0.32969687E+22
 0.28163877E+25 0.32672896E+22
 0.27974329E+25 0.32378748E+22
 0.27785870E+25 0.32087220E+22
 0.27598495E+25 0.31798290E+22
 0.27412198E+25 0.31511934E+22
 0.27226976E+25 0.31228130E+22
 0.27042873E+25 0.30946856E+22
 0.26859735E+25 0.30668089E+22
 0.26677706E+25 0.30391808E+22
 0.26496732E+25 0.30117990E+22
 0.26316858E+25 0.29846615E+22
 0.26137979E+25 0.29577660E+22
 0.25960094E+25 0.29311105E+22
 0.25783293E+25 0.29046928E+22
 0.25607524E+25 0.28785108E+22
 0.25432781E+25 0.28525625E+22
 0.25259060E+25 0.28268459E+22
 0.25086356E+25 0.28013588E+22
 0.24914665E+25 0.27760993E+22
 0.24743982E+25 0.27510654E+22
 0.24574303E+25 0.27262551E+22
 0.24405623E+25 0.27016664E+22
 0.24237937E+25 0.26772974E+22
 0.24071240E+25 0.26531461E+22
 0.23905530E+25 0.26292106E+22
 0.23740799E+25 0.26054891E+22
 0.23577045E+25 0.25819796E+22
 0.23414263E+25 0.25586802E+22
 0.23252448E+25 0.25355892E+22
 0.23091586E+25 0.25127047E+22
 0.22931743E+25 0.24900249E+22
 0.22772803E+25 0.24675479E+22
 0.22614811E+25 0.24452720E+22
 0.22457756E+25 0.24231954E+22
 0.22301650E+25 0.24013163E+22
 0.22146488E+25 0.23796331E+22
 0.21992250E+25 0.23581439E+22
 0.21838939E+25 0.23368471E+22
 0.21686550E+25 0.23157409E+22
 0.21535081E+25 0.22948238E+22
 0.21384525E+25 0.22740939E+22
 0.21234872E+25 0.22535497E+22
 0.21086140E+25 0.22331896E+22
 0.20938301E+25 0.22130118E+22
 0.20791360E+25 0.21930148E+22
 0.20645310E+25 0.21731970E+22
 0.20500150E+25 0.21535568E+22
 0.20355873E+25 0.21340926E+22
 0.20212477E+25 0.21148029E+22
 0.20069949E+25 0.20956861E+22
 0.19928300E+25 0.20767407E+22
 0.19787526E+25 0.20579652E+22
 0.19647600E+25 0.20393581E+22
 0.19508548E+25 0.20209179E+22
 0.19370343E+25 0.20026431E+22
 0.19232989E+25 0.19845322E+22
 0.19096482E+25 0.19665839E+22
 0.18960809E+25 0.19487966E+22
 0.18825983E+25 0.19311689E+22
 0.18691991E+25 0.19136994E+22
 0.18558829E+25 0.18963868E+22
 0.18426500E+25 0.18792295E+22
 0.18294986E+25 0.18622263E+22
 0.18164291E+25 0.18453758E+22
 0.18034402E+25 0.18286766E+22
 0.17905330E+25 0.18121274E+22
 0.17777064E+25 0.17957269E+22
 0.17649601E+25 0.17794736E+22
 0.17522935E+25 0.17633664E+22
 0.17397070E+25 0.17474039E+22
 0.17271982E+25 0.17315849E+22
 0.17147686E+25 0.17159080E+22
 0.17024173E+25 0.17003721E+22
 0.16901438E+25 0.16849758E+22
 0.16779478E+25 0.16697179E+22
 0.16658288E+25 0.16545971E+22
 0.16537865E+25 0.16396124E+22
 0.16418204E+25 0.16247624E+22
 0.16299302E+25 0.16100459E+22
 0.16181155E+25 0.15954619E+22
 0.16063760E+25 0.15810090E+22
 0.15947112E+25 0.15666861E+22
 0.15831208E+25 0.15524921E+22
 0.15716044E+25 0.15384259E+22
 0.15601616E+25 0.15244862E+22
 0.15487920E+25 0.15106719E+22
 0.15374953E+25 0.14969821E+22
 0.15262710E+25 0.14834154E+22
 0.15151189E+25 0.14699709E+22
 0.15040385E+25 0.14566474E+22
 0.14930294E+25 0.14434439E+22
 0.14820914E+25 0.14303593E+22
 0.14712239E+25 0.14173925E+22
 0.14604268E+25 0.14045426E+22
 0.14496996E+25 0.13918083E+22
 0.14390419E+25 0.13791888E+22
 0.14284533E+25 0.13666830E+22
 0.14179336E+25 0.13542899E+22
 0.14074823E+25 0.13420085E+22
 0.13970992E+25 0.13298377E+22
 0.13867837E+25 0.13177766E+22
 0.13765357E+25 0.13058242E+22
 0.13663546E+25 0.12939796E+22
 0.13562402E+25 0.12822418E+22
 0.13461921E+25 0.12706098E+22
 0.13362100E+25 0.12590826E+22
 0.13262935E+25 0.12476595E+22
 0.13164422E+25 0.12363393E+22
 0.13066559E+25 0.12251212E+22
 0.12969341E+25 0.12140044E+22
 0.12872765E+25 0.12029878E+22
 0.12776828E+25 0.11920706E+22
 0.12681527E+25 0.11812518E+22
 0.12586857E+25 0.11705308E+22
 0.12492815E+25 0.11599064E+22
 0.12399399E+25 0.11493779E+22
 0.12306604E+25 0.11389445E+22
 0.12214428E+25 0.11286052E+22
 0.12122871E+25 0.11183593E+22
 0.12031921E+25 0.11082058E+22
 0.11941580E+25 0.10981440E+22
 0.11851843E+25 0.10881731E+22
 0.11762708E+25 0.10782922E+22
 0.11674171E+25 0.10685005E+22
 0.11586229E+25 0.10587973E+22
 0.11498878E+25 0.10491817E+22
 0.11412116E+25 0.10396530E+22
 0.11325940E+25 0.10302103E+22
 0.11240345E+25 0.10208529E+22
 0.11155329E+25 0.10115801E+22
 0.11070888E+25 0.10023911E+22
 0.10987020E+25 0.99328504E+21
 0.10903721E+25 0.98426132E+21
 0.10820988E+25 0.97531915E+21
 0.10738817E+25 0.96645780E+21
 0.10657206E+25 0.95767655E+21
 0.10576151E+25 0.94897467E+21
 0.10495650E+25 0.94035146E+21
 0.10415698E+25 0.93180621E+21
 0.10336294E+25 0.92333823E+21
 0.10257430E+25 0.91494681E+21
 0.10179110E+25 0.90663127E+21
 0.10101329E+25 0.89839093E+21
 0.10024082E+25 0.89022512E+21
 0.99473663E+24 0.88213317E+21
 0.98711796E+24 0.87411441E+21
 0.97955185E+24 0.86616819E+21
 0.97203800E+24 0.85829385E+21
 0.96457609E+24 0.85049076E+21
 0.95716584E+24 0.84275827E+21
 0.94980694E+24 0.83509574E+21
 0.94249910E+24 0.82750256E+21
 0.93524204E+24 0.81997809E+21
 0.92803544E+24 0.81252172E+21
 0.92087901E+24 0.80513284E+21
 0.91377248E+24 0.79781084E+21
 0.90671553E+24 0.79055512E+21
 0.89970788E+24 0.78336508E+21
 0.89274924E+24 0.77624014E+21
 0.88583933E+24 0.76917971E+21
 0.87897785E+24 0.76218320E+21
 0.87216453E+24 0.75525006E+21
 0.86539909E+24 0.74837969E+21
 0.85868123E+24 0.74157155E+21
 0.85201067E+24 0.73482507E+21
 0.84538713E+24 0.72813969E+21
 0.83881034E+24 0.72151488E+21
 0.83228001E+24 0.71495007E+21
 0.82579587E+24 0.70844474E+21
 0.81935764E+24 0.70199834E+21
 0.81296505E+24 0.69561035E+21
 0.80661782E+24 0.68928025E+21
 0.80031568E+24 0.68300750E+21
 0.79405836E+24 0.67679160E+21
 0.78784559E+24 0.67063203E+21
 0.78167710E+24 0.66452828E+21
 0.77555262E+24 0.65847986E+21
 0.76947189E+24 0.65248626E+21
 0.76343463E+24 0.64654700E+21
 0.75744060E+24 0.64066157E+21
 0.75148951E+24 0.63482951E+21
 0.74558111E+24 0.62905031E+21
 0.73971514E+24 0.62332352E+21
 0.73389134E+24 0.61764866E+21
 0.72810944E+24 0.61202526E+21
 0.72236920E+24 0.60645285E+21
 0.71667035E+24 0.60093098E+21
 0.71101264E+24 0.59545919E+21
 0.70539582E+24 0.59003703E+21
 0.69981963E+24 0.58466406E+21
 0.69428382E+24 0.57933982E+21
 0.68878814E+24 0.57406389E+21
 0.68333235E+24 0.56883581E+21
 0.67791618E+24 0.56365517E+21
 0.67253940E+24 0.55852154E+21
 0.66720083E+24 0.55343449E+21
 0.66190209E+24 0.54839359E+21
 0.65664200E+24 0.54339845E+21
 0.65142032E+24 0.53844863E+21
 0.64623680E+24 0.53354374E+21
 0.64109121E+24 0.52868337E+21
 0.63598330E+24 0.52386711E+21
 0.63091283E+24 0.51909457E+21
 0.62587958E+24 0.51436535E+21
 0.62088330E+24 0.50967907E+21
 0.61592376E+24 0.50503533E+21
 0.61100072E+24 0.50043375E+21
 0.60611395E+24 0.49587395E+21
 0.60126323E+24 0.49135555E+21
 0.59644831E+24 0.48687819E+21
 0.59166898E+24 0.48244148E+21
 0.58692499E+24 0.47804506E+21
 0.58221613E+24 0.47368857E+21
 0.57754216E+24 0.46937165E+21
 0.57290287E+24 0.46509394E+21
 0.56829803E+24 0.46085508E+21
 0.56372742E+24 0.45665473E+21
 0.55919081E+24 0.45249254E+21
 0.55468798E+24 0.44836815E+21
 0.55021871E+24 0.44428124E+21
 0.54578279E+24 0.44023146E+21
 0.54138000E+24 0.43621847E+21
 0.53701012E+24 0.43224195E+21
 0.53267294E+24 0.42830156E+21
 0.52836824E+24 0.42439697E+21
 0.52409580E+24 0.42052788E+21
 0.51985543E+24 0.41669394E+21
 0.51564690E+24 0.41289485E+21
 0.51147000E+24 0.40913028E+21
 0.50732454E+24 0.40539994E+21
 0.50321029E+24 0.40170350E+21
 0.49912705E+24 0.39804066E+21
 0.49507462E+24 0.39441112E+21
 0.49105279E+24 0.39081458E+21
 0.48706136E+24 0.38725073E+21
 0.48310013E+24 0.38371929E+21
 0.47916889E+24 0.38021995E+21
 0.47526744E+24 0.37675243E+21
 0.47139559E+24 0.37331644E+21
 0.46755313E+24 0.36991170E+21
 0.46373987E+24 0.36653791E+21
 0.45995562E+24 0.36319481E+21
 0.45620017E+24 0.35988211E+21
 0.45247333E+24 0.35659954E+21
 0.44877492E+24 0.35334683E+21
 0.44510473E+24 0.35012370E+21
 0.44146257E+24 0.34692989E+21
 0.43784826E+24 0.34376513E+21
 0.43426161E+24 0.34062916E+21
 0.43070243E+24 0.33752172E+21
 0.42717053E+24 0.33444254E+21
 0.42366572E+24 0.33139138E+21
 0.42018783E+24 0.32836799E+21
 0.41673666E+24 0.32537210E+21
 0.41331203E+24 0.32240346E+21
 0.40991377E+24 0.31946185E+21
 0.40654168E+24 0.31654699E+21
 0.40319560E+24 0.31365867E+21
 0.39987534E+24 0.31079663E+21
 0.39658071E+24 0.30796063E+21
 0.39331156E+24 0.30515045E+21
 0.39006769E+24 0.30236584E+21
 0.38684894E+24 0.29960658E+21
 0.38365513E+24 0.29687243E+21
 0.38048609E+24 0.29416317E+21
 0.37734164E+24 0.29147857E+21
 0.37422161E+24 0.28881841E+21
 0.37112584E+24 0.28618246E+21
 0.36805415E+24 0.28357051E+21
 0.36500638E+24 0.28098234E+21
 0.36198235E+24 0.27841774E+21
 0.35898191E+24 0.27587648E+21
 0.35600488E+24 0.27335837E+21
 0.35305110E+24 0.27086318E+21
 0.35012041E+24 0.26839071E+21
 0.34721265E+24 0.26594076E+21
 0.34432765E+24 0.26351312E+21
 0.34146525E+24 0.26110758E+21
 0.33862529E+24 0.25872395E+21
 0.33580762E+24 0.25636203E+21
 0.33301207E+24 0.25402163E+21
 0.33023849E+24 0.25170253E+21
 0.32748672E+24 0.24940457E+21
 0.32475661E+24 0.24712753E+21
 0.32204800E+24 0.24487123E+21
 0.31936074E+24 0.24263549E+21
 0.31669468E+24 0.24042011E+21
 0.31404966E+24 0.23822492E+21
 0.31142553E+24 0.23604972E+21
 0.30882215E+24 0.23389434E+21
 0.30623942E+24 0.23175860E+21
 0.30367708E+24 0.22964232E+21
 0.30113504E+24 0.22754532E+21
 0.29861316E+24 0.22546743E+21
 0.29611128E+24 0.22340847E+21
 0.29362926E+24 0.22136827E+21
 0.29116696E+24 0.21934666E+21
 0.28872424E+24 0.21734348E+21
 0.28630096E+24 0.21535855E+21
 0.28389697E+24 0.21339171E+21
 0.28151213E+24 0.21144280E+21
 0.27914631E+24 0.20951164E+21
 0.27679936E+24 0.20759809E+21
 0.27447115E+24 0.20570198E+21
 0.27216154E+24 0.20382316E+21
 0.26987040E+24 0.20196146E+21
 0.26759758E+24 0.20011673E+21
 0.26534296E+24 0.19828881E+21
 0.26310544E+24 0.19647756E+21
 0.26088682E+24 0.19468282E+21
 0.25868600E+24 0.19290444E+21
 0.25650285E+24 0.19114228E+21
 0.25433815E+24 0.18939618E+21
 0.25218993E+24 0.18766600E+21
 0.25005899E+24 0.18595160E+21
 0.24794520E+24 0.18425283E+21
 0.24584843E+24 0.18256954E+21
 0.24376856E+24 0.18090161E+21
 0.24170546E+24 0.17924889E+21
 0.23965900E+24 0.17761123E+21
 0.23762908E+24 0.17598851E+21
 0.23561555E+24 0.17438059E+21
 0.23361830E+24 0.17278734E+21
 0.23163721E+24 0.17120861E+21
 0.22967215E+24 0.16964428E+21
 0.22772301E+24 0.16809422E+21
 0.22578967E+24 0.16655830E+21
 0.22387201E+24 0.16503639E+21
 0.22196991E+24 0.16352835E+21
 0.22008325E+24 0.16203408E+21
 0.21821193E+24 0.16055343E+21
 0.21635581E+24 0.15908629E+21
 0.21451480E+24 0.15763254E+21
 0.21268877E+24 0.15619204E+21
 0.21087761E+24 0.15476469E+21
 0.20908122E+24 0.15335036E+21
 0.20729947E+24 0.15194893E+21
 0.20553225E+24 0.15056029E+21
 0.20377947E+24 0.14918431E+21
 0.20204100E+24 0.14782089E+21
 0.20031675E+24 0.14646991E+21
 0.19860659E+24 0.14513126E+21
 0.19691043E+24 0.14380482E+21
 0.19522815E+24 0.14249049E+21
 0.19355966E+24 0.14118814E+21
 0.19190484E+24 0.13989769E+21
 0.19026360E+24 0.13861901E+21
 0.18863583E+24 0.13735199E+21
 0.18702142E+24 0.13609654E+21
 0.18542027E+24 0.13485255E+21
 0.18383228E+24 0.13361991E+21
 0.18225736E+24 0.13239852E+21
 0.18069540E+24 0.13118827E+21
 0.17914629E+24 0.12998908E+21
 0.17760995E+24 0.12880082E+21
 0.17608627E+24 0.12762342E+21
 0.17457516E+24 0.12645675E+21
 0.17307652E+24 0.12530074E+21
 0.17159025E+24 0.12415528E+21
 0.17011625E+24 0.12302028E+21
 0.16865444E+24 0.12189564E+21
 0.16720472E+24 0.12078126E+21
 0.16576699E+24 0.11967705E+21
 0.16434117E+24 0.11858293E+21
 0.16292715E+24 0.11749879E+21
 0.16152485E+24 0.11642456E+21
 0.16013417E+24 0.11536013E+21
 0.15875504E+24 0.11430541E+21
 0.15738734E+24 0.11326033E+21
 0.15603101E+24 0.11222479E+21
 0.15468594E+24 0.11119870E+21
 0.15335205E+24 0.11018198E+21
 0.15202926E+24 0.10917454E+21
 0.15071747E+24 0.10817631E+21
 0.14941660E+24 0.10718719E+21
 0.14812656E+24 0.10620710E+21
 0.14684728E+24 0.10523595E+21
 0.14557866E+24 0.10427368E+21
 0.14432062E+24 0.10332020E+21
 0.14307308E+24 0.10237542E+21
 0.14183595E+24 0.10143927E+21
 0.14060916E+24 0.10051167E+21
 0.13939262E+24 0.99592539E+20
 0.13818625E+24 0.98681804E+20
 0.13698997E+24 0.97779386E+20
 0.13580371E+24 0.96885210E+20
 0.13462737E+24 0.95999201E+20
 0.13346089E+24 0.95121284E+20
 0.13230419E+24 0.94251386E+20
 0.13115718E+24 0.93389433E+20
 0.13001980E+24 0.92535353E+20
 0.12889196E+24 0.91689074E+20
 0.12777358E+24 0.90850526E+20
 0.12666461E+24 0.90019637E+20
 0.12556495E+24 0.89196339E+20
 0.12447454E+24 0.88380560E+20
 0.12339329E+24 0.87572235E+20
 0.12232115E+24 0.86771293E+20
 0.12125803E+24 0.85977668E+20
 0.12020387E+24 0.85191293E+20
 0.11915859E+24 0.84412103E+20
 0.11812212E+24 0.83640031E+20
 0.11709439E+24 0.82875012E+20
 0.11607533E+24 0.82116983E+20
 0.11506487E+24 0.81365880E+20
 0.11406294E+24 0.80621639E+20
 0.11306948E+24 0.79884198E+20
 0.11208441E+24 0.79153494E+20
 0.11110768E+24 0.78429468E+20
 0.11013920E+24 0.77712056E+20
 0.10917892E+24 0.77001200E+20
 0.10822677E+24 0.76296840E+20
 0.10728268E+24 0.75598915E+20
 0.10634659E+24 0.74907368E+20
 0.10541843E+24 0.74222140E+20
 0.10449814E+24 0.73543174E+20
 0.10358566E+24 0.72870413E+20
 0.10268093E+24 0.72203799E+20
 0.10178387E+24 0.71543277E+20
 0.10089443E+24 0.70888792E+20
 0.10001255E+24 0.70240287E+20
 0.99138166E+23 0.69597710E+20
 0.98271215E+23 0.68961005E+20
 0.97411638E+23 0.68330118E+20
 0.96559376E+23 0.67704998E+20
 0.95714369E+23 0.67085591E+20
 0.94876557E+23 0.66471845E+20
 0.94045883E+23 0.65863709E+20
 0.93222289E+23 0.65261131E+20
 0.92405716E+23 0.64664060E+20
 0.91596107E+23 0.64072447E+20
 0.90793407E+23 0.63486242E+20
 0.89997557E+23 0.62905394E+20
 0.89208502E+23 0.62329856E+20
 0.88426188E+23 0.61759579E+20
 0.87650557E+23 0.61194514E+20
 0.86881557E+23 0.60634615E+20
 0.86119132E+23 0.60079833E+20
 0.85363229E+23 0.59530124E+20
 0.84613794E+23 0.58985439E+20
 0.83870775E+23 0.58445733E+20
 0.83134118E+23 0.57910961E+20
 0.82403771E+23 0.57381078E+20
 0.81679683E+23 0.56856039E+20
 0.80961801E+23 0.56335800E+20
 0.80250076E+23 0.55820317E+20
 0.79544456E+23 0.55309547E+20
 0.78844890E+23 0.54803446E+20
 0.78151330E+23 0.54301972E+20
 0.77463726E+23 0.53805083E+20
 0.76782028E+23 0.53312737E+20
 0.76106187E+23 0.52824893E+20
 0.75436156E+23 0.52341508E+20
 0.74771886E+23 0.51862544E+20
 0.74113330E+23 0.51387958E+20
 0.73460440E+23 0.50917712E+20
 0.72813169E+23 0.50451766E+20
 0.72171472E+23 0.49990079E+20
 0.71535301E+23 0.49532615E+20
 0.70904611E+23 0.49079333E+20
 0.70279356E+23 0.48630196E+20
 0.69659492E+23 0.48185166E+20
 0.69044973E+23 0.47744206E+20
 0.68435756E+23 0.47307277E+20
 0.67831795E+23 0.46874345E+20
 0.67233048E+23 0.46445371E+20
 0.66639471E+23 0.46020319E+20
 0.66051021E+23 0.45599155E+20
 0.65467655E+23 0.45181843E+20
 0.64889331E+23 0.44768346E+20
 0.64316146E+23 0.44358631E+20
 0.63747779E+23 0.43952663E+20
 0.63184328E+23 0.43550407E+20
 0.62625753E+23 0.43151831E+20
 0.62072013E+23 0.42756899E+20
 0.61523067E+23 0.42365580E+20
 0.60978876E+23 0.41977839E+20
 0.60439399E+23 0.41593644E+20
 0.59904597E+23 0.41212963E+20
 0.59374432E+23 0.40835764E+20
 0.58848863E+23 0.40462015E+20
 0.58327853E+23 0.40091684E+20
 0.57811364E+23 0.39724740E+20
 0.57299356E+23 0.39361153E+20
 0.56791794E+23 0.39000891E+20
 0.56288639E+23 0.38643924E+20
 0.55789854E+23 0.38290222E+20
 0.55295403E+23 0.37939756E+20
 0.54805249E+23 0.37592495E+20
 0.54319357E+23 0.37248410E+20
 0.53837689E+23 0.36907473E+20
 0.53360211E+23 0.36569655E+20
 0.52886887E+23 0.36234926E+20
 0.52417682E+23 0.35903259E+20
 0.51952562E+23 0.35574627E+20
 0.51491489E+23 0.35249000E+20
 0.51034435E+23 0.34926352E+20
 0.50581361E+23 0.34606656E+20
 0.50132237E+23 0.34289884E+20
 0.49687028E+23 0.33976010E+20
 0.49245701E+23 0.33665007E+20
 0.48808222E+23 0.33356849E+20
 0.48374560E+23 0.33051510E+20
 0.47944682E+23 0.32748965E+20
 0.47518557E+23 0.32449187E+20
 0.47096151E+23 0.32152152E+20
 0.46677434E+23 0.31857834E+20
 0.46262374E+23 0.31566209E+20
 0.45850941E+23 0.31277252E+20
 0.45443103E+23 0.30990938E+20
 0.45038830E+23 0.30707244E+20
 0.44638092E+23 0.30426145E+20
 0.44240858E+23 0.30147618E+20
 0.43847100E+23 0.29871639E+20
 0.43456787E+23 0.29598186E+20
 0.43069889E+23 0.29327234E+20
 0.42686379E+23 0.29058761E+20
 0.42306227E+23 0.28792744E+20
 0.41929404E+23 0.28529161E+20
 0.41555883E+23 0.28267990E+20
 0.41185634E+23 0.28009209E+20
 0.40818631E+23 0.27752795E+20
 0.40454844E+23 0.27498727E+20
 0.40094248E+23 0.27246985E+20
 0.39736814E+23 0.26997545E+20
 0.39382516E+23 0.26750388E+20
 0.39031327E+23 0.26505492E+20
 0.38683220E+23 0.26262837E+20
 0.38338169E+23 0.26022403E+20
 0.37996148E+23 0.25784169E+20
 0.37657130E+23 0.25548114E+20
 0.37321091E+23 0.25314219E+20
 0.36988004E+23 0.25082465E+20
 0.36657845E+23 0.24852832E+20
 0.36330588E+23 0.24625299E+20
 0.36006208E+23 0.24399849E+20
 0.35684681E+23 0.24176462E+20
 0.35365981E+23 0.23955119E+20
 0.35050086E+23 0.23735801E+20
 0.34736971E+23 0.23518491E+20
 0.34426612E+23 0.23303169E+20
 0.34118985E+23 0.23089817E+20
 0.33814066E+23 0.22878418E+20
 0.33511834E+23 0.22668953E+20
 0.33212263E+23 0.22461406E+20
 0.32915332E+23 0.22255757E+20
 0.32621018E+23 0.22051991E+20
 0.32329298E+23 0.21850089E+20
 0.32040151E+23 0.21650036E+20
 0.31753552E+23 0.21451812E+20
 0.31469482E+23 0.21255403E+20
 0.31187918E+23 0.21060792E+20
 0.30908838E+23 0.20867961E+20
 0.30632220E+23 0.20676896E+20
 0.30358045E+23 0.20487578E+20
 0.30086290E+23 0.20299994E+20
 0.29816935E+23 0.20114126E+20
 0.29549959E+23 0.19929959E+20
 0.29285342E+23 0.19747478E+20
 0.29023062E+23 0.19566667E+20
 0.28763100E+23 0.19387511E+20
 0.28505436E+23 0.19209994E+20
 0.28250050E+23 0.19034102E+20
 0.27996922E+23 0.18859820E+20
 0.27746033E+23 0.18687133E+20
 0.27497363E+23 0.18516027E+20
 0.27250893E+23 0.18346487E+20
 0.27006604E+23 0.18178498E+20
 0.26764477E+23 0.18012047E+20
 0.26524494E+23 0.17847119E+20
 0.26286635E+23 0.17683701E+20
 0.26050882E+23 0.17521779E+20
 0.25817218E+23 0.17361339E+20
 0.25585624E+23 0.17202367E+20
 0.25356081E+23 0.17044850E+20
 0.25128572E+23 0.16888775E+20
 0.24903080E+23 0.16734129E+20
 0.24679587E+23 0.16580898E+20
 0.24458076E+23 0.16429070E+20
 0.24238529E+23 0.16278631E+20
 0.24020929E+23 0.16129570E+20
 0.23805259E+23 0.15981873E+20
 0.23591503E+23 0.15835527E+20
 0.23379643E+23 0.15690522E+20
 0.23169664E+23 0.15546843E+20
 0.22961549E+23 0.15404480E+20
 0.22755282E+23 0.15263420E+20
 0.22550846E+23 0.15123652E+20
 0.22348226E+23 0.14985162E+20
 0.22147406E+23 0.14847940E+20
 0.21948370E+23 0.14711975E+20
 0.21751103E+23 0.14577254E+20
 0.21555588E+23 0.14443766E+20
 0.21361812E+23 0.14311500E+20
 0.21169758E+23 0.14180445E+20
 0.20979412E+23 0.14050590E+20
 0.20790758E+23 0.13921923E+20
 0.20603782E+23 0.13794434E+20
 0.20418470E+23 0.13668113E+20
 0.20234806E+23 0.13542947E+20
 0.20052777E+23 0.13418928E+20
 0.19872368E+23 0.13296043E+20
 0.19693564E+23 0.13174284E+20
 0.19516353E+23 0.13053639E+20
 0.19340719E+23 0.12934099E+20
 0.19166649E+23 0.12815653E+20
 0.18994130E+23 0.12698291E+20
 0.18823147E+23 0.12582004E+20
 0.18653687E+23 0.12466781E+20
 0.18485738E+23 0.12352613E+20
 0.18319285E+23 0.12239490E+20
 0.18154316E+23 0.12127403E+20
 0.17990818E+23 0.12016342E+20
 0.17828777E+23 0.11906298E+20
 0.17668181E+23 0.11797261E+20
 0.17509018E+23 0.11689223E+20
 0.17351274E+23 0.11582173E+20
 0.17194937E+23 0.11476104E+20
 0.17039995E+23 0.11371005E+20
 0.16886435E+23 0.11266869E+20
 0.16734247E+23 0.11163686E+20
 0.16583416E+23 0.11061448E+20
 0.16433932E+23 0.10960145E+20
 0.16285783E+23 0.10859770E+20
 0.16138956E+23 0.10760315E+20
 0.15993441E+23 0.10661769E+20
 0.15849225E+23 0.10564126E+20
 0.15706298E+23 0.10467377E+20
 0.15564648E+23 0.10371513E+20
 0.15424263E+23 0.10276528E+20
 0.15285133E+23 0.10182411E+20
 0.15147247E+23 0.10089157E+20
 0.15010593E+23 0.99967563E+19
 0.14875161E+23 0.99052016E+19
 0.14740940E+23 0.98144851E+19
 0.14607919E+23 0.97245992E+19
 0.14476087E+23 0.96355363E+19
 0.14345435E+23 0.95472887E+19
 0.14215952E+23 0.94598492E+19
 0.14087627E+23 0.93732102E+19
 0.13960451E+23 0.92873644E+19
 0.13834412E+23 0.92023046E+19
 0.13709502E+23 0.91180236E+19
 0.13585710E+23 0.90345143E+19
 0.13463026E+23 0.89517696E+19
 0.13341441E+23 0.88697825E+19
 0.13220944E+23 0.87885460E+19
 0.13101527E+23 0.87080534E+19
 0.12983179E+23 0.86282977E+19
 0.12865891E+23 0.85492723E+19
 0.12749655E+23 0.84709704E+19
 0.12634459E+23 0.83933855E+19
 0.12520296E+23 0.83165109E+19
 0.12407156E+23 0.82403402E+19
 0.12295031E+23 0.81648670E+19
 0.12183910E+23 0.80900847E+19
 0.12073786E+23 0.80159873E+19
 0.11964649E+23 0.79425682E+19
 0.11856491E+23 0.78698214E+19
 0.11749302E+23 0.77977407E+19
 0.11643076E+23 0.77263200E+19
 0.11537802E+23 0.76555533E+19
 0.11433472E+23 0.75854345E+19
 0.11330079E+23 0.75159577E+19
 0.11227614E+23 0.74471171E+19
 0.11126068E+23 0.73789069E+19
 0.11025433E+23 0.73113212E+19
 0.10925702E+23 0.72443543E+19
 0.10826867E+23 0.71780007E+19
 0.10728918E+23 0.71122546E+19
 0.10631849E+23 0.70471105E+19
 0.10535652E+23 0.69825629E+19
 0.10440319E+23 0.69186064E+19
 0.10345842E+23 0.68552354E+19
 0.10252214E+23 0.67924448E+19
 0.10159427E+23 0.67302291E+19
 0.10067474E+23 0.66685831E+19
 0.99763471E+22 0.66075016E+19
 0.98860391E+22 0.65469794E+19
 0.97965429E+22 0.64870114E+19
 0.97078511E+22 0.64275925E+19
 0.96199566E+22 0.63687177E+19
 0.95328523E+22 0.63103820E+19
 0.94465313E+22 0.62525804E+19
 0.93609865E+22 0.61953082E+19
 0.92762111E+22 0.61385604E+19
 0.91921981E+22 0.60823323E+19
 0.91089409E+22 0.60266190E+19
 0.90264326E+22 0.59714159E+19
 0.89446667E+22 0.59167183E+19
 0.88636365E+22 0.58625216E+19
 0.87833354E+22 0.58088211E+19
 0.87037571E+22 0.57556124E+19
 0.86248949E+22 0.57028910E+19
 0.85467427E+22 0.56506523E+19
 0.84692939E+22 0.55988920E+19
 0.83925425E+22 0.55476056E+19
 0.83164820E+22 0.54967889E+19
 0.82411065E+22 0.54464376E+19
 0.81664098E+22 0.53965473E+19
 0.80923858E+22 0.53471139E+19
 0.80190286E+22 0.52981332E+19
 0.79463322E+22 0.52496010E+19
 0.78742907E+22 0.52015133E+19
 0.78028982E+22 0.51538659E+19
 0.77321490E+22 0.51066548E+19
 0.76620374E+22 0.50598761E+19
 0.75925576E+22 0.50135258E+19
 0.75237040E+22 0.49675999E+19
 0.74554710E+22 0.49220946E+19
 0.73878532E+22 0.48770060E+19
 0.73208449E+22 0.48323303E+19
 0.72544407E+22 0.47880637E+19
 0.71886353E+22 0.47442025E+19
 0.71234233E+22 0.47007430E+19
 0.70587994E+22 0.46576814E+19
 0.69947583E+22 0.46150142E+19
 0.69312949E+22 0.45727378E+19
 0.68684039E+22 0.45308485E+19
 0.68060803E+22 0.44893428E+19
 0.67443190E+22 0.44482172E+19
 0.66831150E+22 0.44074683E+19
 0.66224632E+22 0.43670925E+19
 0.65623587E+22 0.43270865E+19
 0.65027967E+22 0.42874468E+19
 0.64437723E+22 0.42481702E+19
 0.63852807E+22 0.42092533E+19
 0.63273171E+22 0.41706927E+19
 0.62698768E+22 0.41324854E+19
 0.62129550E+22 0.40946279E+19
 0.61565473E+22 0.40571171E+19
 0.61006489E+22 0.40199498E+19
 0.60452553E+22 0.39831230E+19
 0.59903620E+22 0.39466334E+19
 0.59359645E+22 0.39104779E+19
 0.58820583E+22 0.38746536E+19
 0.58286391E+22 0.38391574E+19
 0.57757025E+22 0.38039863E+19
 0.57232442E+22 0.37691373E+19
 0.56712598E+22 0.37346074E+19
 0.56197452E+22 0.37003938E+19
 0.55686962E+22 0.36664935E+19
 0.55181085E+22 0.36329037E+19
 0.54679780E+22 0.35996215E+19
 0.54183006E+22 0.35666441E+19
 0.53690723E+22 0.35339688E+19
 0.53202890E+22 0.35015927E+19
 0.52719467E+22 0.34695131E+19
 0.52240416E+22 0.34377273E+19
 0.51765696E+22 0.34062327E+19
 0.51295268E+22 0.33750265E+19
 0.50829095E+22 0.33441061E+19
 0.50367138E+22 0.33134689E+19
 0.49909360E+22 0.32831122E+19
 0.49455722E+22 0.32530337E+19
 0.49006187E+22 0.32232306E+19
 0.48560719E+22 0.31937004E+19
 0.48119282E+22 0.31644407E+19
 0.47681838E+22 0.31354490E+19
 0.47248353E+22 0.31067229E+19
 0.46818790E+22 0.30782598E+19
 0.46393114E+22 0.30500574E+19
 0.45971291E+22 0.30221134E+19
 0.45553286E+22 0.29944252E+19
 0.45139064E+22 0.29669907E+19
 0.44728592E+22 0.29398075E+19
 0.44321835E+22 0.29128732E+19
 0.43918761E+22 0.28861856E+19
 0.43519336E+22 0.28597424E+19
 0.43123528E+22 0.28335415E+19
 0.42731304E+22 0.28075805E+19
 0.42342631E+22 0.27818573E+19
 0.41957479E+22 0.27563697E+19
 0.41575814E+22 0.27311156E+19
 0.41197606E+22 0.27060927E+19
 0.40822824E+22 0.26812991E+19
 0.40451437E+22 0.26567326E+19
 0.40083415E+22 0.26323910E+19
 0.39718726E+22 0.26082725E+19
 0.39357341E+22 0.25843748E+19
 0.38999231E+22 0.25606960E+19
 0.38644366E+22 0.25372341E+19
 0.38292716E+22 0.25139872E+19
 0.37944253E+22 0.24909531E+19
 0.37598948E+22 0.24681300E+19
 0.37256773E+22 0.24455160E+19
 0.36917699E+22 0.24231092E+19
 0.36581698E+22 0.24009075E+19
 0.36248743E+22 0.23789092E+19
 0.35918807E+22 0.23571125E+19
 0.35591862E+22 0.23355154E+19
 0.35267881E+22 0.23141161E+19
 0.34946837E+22 0.22929128E+19
 0.34628705E+22 0.22719037E+19
 0.34313457E+22 0.22510871E+19
 0.34001069E+22 0.22304612E+19
 0.33691513E+22 0.22100242E+19
 0.33384765E+22 0.21897744E+19
 0.33080799E+22 0.21697101E+19
 0.32779590E+22 0.21498296E+19
 0.32481114E+22 0.21301311E+19
 0.32185345E+22 0.21106132E+19
 0.31892259E+22 0.20912740E+19
 0.31601832E+22 0.20721120E+19
 0.31314041E+22 0.20531255E+19
 0.31028860E+22 0.20343129E+19
 0.30746268E+22 0.20156727E+19
 0.30466239E+22 0.19972032E+19
 0.30188752E+22 0.19789029E+19
 0.29913784E+22 0.19607702E+19
 0.29641311E+22 0.19428036E+19
 0.29371310E+22 0.19250017E+19
 0.29103761E+22 0.19073628E+19
 0.28838640E+22 0.18898854E+19
 0.28575926E+22 0.18725682E+19
 0.28315597E+22 0.18554096E+19
 0.28057632E+22 0.18384082E+19
 0.27802008E+22 0.18215626E+19
 0.27548706E+22 0.18048713E+19
 0.27297703E+22 0.17883328E+19
 0.27048980E+22 0.17719459E+19
 0.26802515E+22 0.17557091E+19
 0.26558289E+22 0.17396211E+19
 0.26316280E+22 0.17236804E+19
 0.26076470E+22 0.17078857E+19
 0.25838838E+22 0.16922358E+19
 0.25603364E+22 0.16767292E+19
 0.25370029E+22 0.16613647E+19
 0.25138814E+22 0.16461409E+19
 0.24909699E+22 0.16310566E+19
 0.24682665E+22 0.16161105E+19
 0.24457695E+22 0.16013013E+19
 0.24234768E+22 0.15866278E+19
 0.24013867E+22 0.15720887E+19
 0.23794973E+22 0.15576828E+19
 0.23578068E+22 0.15434089E+19
 0.23363134E+22 0.15292657E+19
 0.23150154E+22 0.15152521E+19
 0.22939109E+22 0.15013669E+19
 0.22729982E+22 0.14876089E+19
 0.22522756E+22 0.14739770E+19
 0.22317414E+22 0.14604699E+19
 0.22113938E+22 0.14470866E+19
 0.21912312E+22 0.14338259E+19
 0.21712518E+22 0.14206867E+19
 0.21514541E+22 0.14076679E+19
 0.21318364E+22 0.13947683E+19
 0.21123970E+22 0.13819869E+19
 0.20931344E+22 0.13693227E+19
 0.20740469E+22 0.13567744E+19
 0.20551330E+22 0.13443411E+19
 0.20363911E+22 0.13320217E+19
 0.20178196E+22 0.13198152E+19
 0.19994170E+22 0.13077205E+19
 0.19811817E+22 0.12957367E+19
 0.19631123E+22 0.12838626E+19
 0.19452073E+22 0.12720973E+19
 0.19274651E+22 0.12604398E+19
 0.19098843E+22 0.12488891E+19
 0.18924634E+22 0.12374443E+19
 0.18752009E+22 0.12261043E+19
 0.18580955E+22 0.12148682E+19
 0.18411458E+22 0.12037350E+19
 0.18243502E+22 0.11927039E+19
 0.18077074E+22 0.11817738E+19
 0.17912161E+22 0.11709438E+19
 0.17748748E+22 0.11602131E+19
 0.17586821E+22 0.11495807E+19
 0.17426369E+22 0.11390457E+19
 0.17267376E+22 0.11286073E+19
 0.17109830E+22 0.11182645E+19
 0.16953718E+22 0.11080164E+19
 0.16799027E+22 0.10978623E+19
 0.16645744E+22 0.10878011E+19
 0.16493855E+22 0.10778322E+19
 0.16343349E+22 0.10679546E+19
 0.16194213E+22 0.10581675E+19
 0.16046435E+22 0.10484701E+19
 0.15900002E+22 0.10388615E+19
 0.15754901E+22 0.10293410E+19
 0.15611122E+22 0.10199077E+19
 0.15468651E+22 0.10105609E+19
 0.15327478E+22 0.10012996E+19
 0.15187590E+22 0.99212327E+18
 0.15048976E+22 0.98303099E+18
 0.14911623E+22 0.97402202E+18
 0.14775522E+22 0.96509559E+18
 0.14640659E+22 0.95625096E+18
 0.14507025E+22 0.94748736E+18
 0.14374607E+22 0.93880407E+18
 0.14243396E+22 0.93020034E+18
 0.14113379E+22 0.92167544E+18
 0.13984547E+22 0.91322866E+18
 0.13856887E+22 0.90485927E+18
 0.13730391E+22 0.89656657E+18
 0.13605047E+22 0.88834985E+18
 0.13480844E+22 0.88020843E+18
 0.13357773E+22 0.87214160E+18
 0.13235822E+22 0.86414870E+18
 0.13114983E+22 0.85622903E+18
 0.12995244E+22 0.84838192E+18
 0.12876597E+22 0.84060673E+18
 0.12759030E+22 0.83290277E+18
 0.12642534E+22 0.82526941E+18
 0.12527100E+22 0.81770600E+18
 0.12412717E+22 0.81021188E+18
 0.12299377E+22 0.80278644E+18
 0.12187069E+22 0.79542904E+18
 0.12075785E+22 0.78813906E+18
 0.11965514E+22 0.78091588E+18
 0.11856249E+22 0.77375888E+18
 0.11747979E+22 0.76666747E+18
 0.11640696E+22 0.75964104E+18
 0.11534390E+22 0.75267899E+18
 0.11429054E+22 0.74578074E+18
 0.11324677E+22 0.73894570E+18
 0.11221252E+22 0.73217329E+18
 0.11118769E+22 0.72546295E+18
 0.11017221E+22 0.71881409E+18
 0.10916598E+22 0.71222615E+18
 0.10816892E+22 0.70569859E+18
 0.10718096E+22 0.69923084E+18
 0.10620199E+22 0.69282236E+18
 0.10523196E+22 0.68647260E+18
 0.10427076E+22 0.68018103E+18
 0.10331833E+22 0.67394712E+18
 0.10237458E+22 0.66777032E+18
 0.10143944E+22 0.66165013E+18
 0.10051282E+22 0.65558603E+18
 0.99594650E+21 0.64957749E+18
 0.98684852E+21 0.64362401E+18
 0.97783350E+21 0.63772509E+18
 0.96890068E+21 0.63188023E+18
 0.96004931E+21 0.62608892E+18
 0.95127866E+21 0.62035069E+18
 0.94258798E+21 0.61466504E+18
 0.93397656E+21 0.60903149E+18
 0.92544367E+21 0.60344957E+18
 0.91698860E+21 0.59791880E+18
 0.90861064E+21 0.59243871E+18
 0.90030909E+21 0.58700884E+18
 0.89208326E+21 0.58162873E+18
 0.88393245E+21 0.57629792E+18
 0.87585598E+21 0.57101597E+18
 0.86785318E+21 0.56578242E+18
 0.85992338E+21 0.56059682E+18
 0.85206591E+21 0.55545875E+18
 0.84428012E+21 0.55036777E+18
 0.83656535E+21 0.54532344E+18
 0.82892095E+21 0.54032533E+18
 0.82134630E+21 0.53537303E+18
 0.81384074E+21 0.53046611E+18
 0.80640366E+21 0.52560416E+18
 0.79903443E+21 0.52078676E+18
 0.79173243E+21 0.51601351E+18
 0.78449705E+21 0.51128401E+18
 0.77732769E+21 0.50659785E+18
 0.77022374E+21 0.50195463E+18
 0.76318461E+21 0.49735396E+18
 0.75620971E+21 0.49279545E+18
 0.74929846E+21 0.48827872E+18
 0.74245027E+21 0.48380339E+18
 0.73566457E+21 0.47936906E+18
 0.72894079E+21 0.47497538E+18
 0.72227837E+21 0.47062195E+18
 0.71567675E+21 0.46630843E+18
 0.70913538E+21 0.46203443E+18
 0.70265371E+21 0.45779961E+18
 0.69623119E+21 0.45360359E+18
 0.68986728E+21 0.44944603E+18
 0.68356146E+21 0.44532657E+18
 0.67731320E+21 0.44124486E+18
 0.67112196E+21 0.43720056E+18
 0.66498723E+21 0.43319332E+18
 0.65890850E+21 0.42922281E+18
 0.65288526E+21 0.42528868E+18
 0.64691699E+21 0.42139061E+18
 0.64100321E+21 0.41752826E+18
 0.63514340E+21 0.41370131E+18
 0.62933709E+21 0.40990943E+18
 0.62358379E+21 0.40615231E+18
 0.61788301E+21 0.40242961E+18
 0.61223427E+21 0.39874103E+18
 0.60663710E+21 0.39508626E+18
 0.60109103E+21 0.39146498E+18
 0.59559559E+21 0.38787689E+18
 0.59015033E+21 0.38432168E+18
 0.58475479E+21 0.38079906E+18
 0.57940850E+21 0.37730872E+18
 0.57411104E+21 0.37385037E+18
 0.56886194E+21 0.37042371E+18
 0.56366077E+21 0.36702846E+18
 0.55850709E+21 0.36366432E+18
 0.55340047E+21 0.36033101E+18
 0.54834049E+21 0.35702826E+18
 0.54332670E+21 0.35375577E+18
 0.53835871E+21 0.35051328E+18
 0.53343608E+21 0.34730050E+18
 0.52855840E+21 0.34411717E+18
 0.52372527E+21 0.34096301E+18
 0.51893628E+21 0.33783776E+18
 0.51419102E+21 0.33474115E+18
 0.50948910E+21 0.33167292E+18
 0.50483013E+21 0.32863281E+18
 0.50021370E+21 0.32562057E+18
 0.49563944E+21 0.32263593E+18
 0.49110696E+21 0.31967865E+18
 0.48661587E+21 0.31674847E+18
 0.48216581E+21 0.31384514E+18
 0.47775639E+21 0.31096842E+18
 0.47338725E+21 0.30811807E+18
 0.46905801E+21 0.30529385E+18
 0.46476832E+21 0.30249550E+18
 0.46051782E+21 0.29972281E+18
 0.45630615E+21 0.29697552E+18
 0.45213294E+21 0.29425342E+18
 0.44799786E+21 0.29155626E+18
 0.44390056E+21 0.28888382E+18
 0.43984068E+21 0.28623588E+18
 0.43581790E+21 0.28361220E+18
 0.43183186E+21 0.28101258E+18
 0.42788224E+21 0.27843677E+18
 0.42396871E+21 0.27588458E+18
 0.42009093E+21 0.27335578E+18
 0.41624858E+21 0.27085015E+18
 0.41244133E+21 0.26836749E+18
 0.40866887E+21 0.26590758E+18
 0.40493087E+21 0.26347022E+18
 0.40122703E+21 0.26105520E+18
 0.39755704E+21 0.25866231E+18
 0.39392057E+21 0.25629135E+18
 0.39031734E+21 0.25394213E+18
 0.38674702E+21 0.25161443E+18
 0.38320933E+21 0.24930807E+18
 0.37970397E+21 0.24702285E+18
 0.37623064E+21 0.24475857E+18
 0.37278905E+21 0.24251505E+18
 0.36937891E+21 0.24029209E+18
 0.36599993E+21 0.23808950E+18
 0.36265183E+21 0.23590710E+18
 0.35933433E+21 0.23374470E+18
 0.35604714E+21 0.23160213E+18
 0.35279000E+21 0.22947919E+18
 0.34956262E+21 0.22737570E+18
 0.34636474E+21 0.22529150E+18
 0.34319608E+21 0.22322640E+18
 0.34005639E+21 0.22118023E+18
 0.33694539E+21 0.21915281E+18
 0.33386282E+21 0.21714398E+18
 0.33080843E+21 0.21515355E+18
 0.32778195E+21 0.21318137E+18
 0.32478313E+21 0.21122727E+18
 0.32181173E+21 0.20929107E+18
 0.31886748E+21 0.20737263E+18
 0.31595015E+21 0.20547176E+18
 0.31305948E+21 0.20358832E+18
 0.31019524E+21 0.20172214E+18
 0.30735717E+21 0.19987307E+18
 0.30454505E+21 0.19804095E+18
 0.30175864E+21 0.19622561E+18
 0.29899769E+21 0.19442692E+18
 0.29626199E+21 0.19264471E+18
 0.29355129E+21 0.19087884E+18
 0.29086537E+21 0.18912915E+18
 0.28820401E+21 0.18739550E+18
 0.28556697E+21 0.18567774E+18
 0.28295405E+21 0.18397572E+18
 0.28036501E+21 0.18228931E+18
 0.27779964E+21 0.18061835E+18
 0.27525772E+21 0.17896271E+18
 0.27273904E+21 0.17732224E+18
 0.27024339E+21 0.17569681E+18
 0.26777056E+21 0.17408628E+18
 0.26532033E+21 0.17249051E+18
 0.26289251E+21 0.17090936E+18
 0.26048689E+21 0.16934271E+18
 0.25810325E+21 0.16779042E+18
 0.25574142E+21 0.16625235E+18
 0.25340117E+21 0.16472839E+18
 0.25108233E+21 0.16321839E+18
 0.24878469E+21 0.16172223E+18
 0.24650805E+21 0.16023979E+18
 0.24425224E+21 0.15877093E+18
 0.24201705E+21 0.15731554E+18
 0.23980230E+21 0.15587348E+18
 0.23760780E+21 0.15444465E+18
 0.23543336E+21 0.15302891E+18
 0.23327882E+21 0.15162615E+18
 0.23114397E+21 0.15023624E+18
 0.22902864E+21 0.14885908E+18
 0.22693266E+21 0.14749454E+18
 0.22485585E+21 0.14614250E+18
 0.22279803E+21 0.14480286E+18
 0.22075902E+21 0.14347550E+18
 0.21873867E+21 0.14216030E+18
 0.21673679E+21 0.14085716E+18
 0.21475321E+21 0.13956597E+18
 0.21278778E+21 0.13828661E+18
 0.21084032E+21 0.13701897E+18
 0.20891067E+21 0.13576296E+18
 0.20699867E+21 0.13451846E+18
 0.20510416E+21 0.13328536E+18
 0.20322697E+21 0.13206357E+18
 0.20136696E+21 0.13085298E+18
 0.19952395E+21 0.12965348E+18
 0.19769780E+21 0.12846498E+18
 0.19588835E+21 0.12728737E+18
 0.19409545E+21 0.12612055E+18
 0.19231895E+21 0.12496444E+18
 0.19055870E+21 0.12381891E+18
 0.18881455E+21 0.12268389E+18
 0.18708635E+21 0.12155927E+18
 0.18537396E+21 0.12044497E+18
 0.18367723E+21 0.11934087E+18
 0.18199603E+21 0.11824689E+18
 0.18033020E+21 0.11716295E+18
 0.17867960E+21 0.11608893E+18
 0.17704411E+21 0.11502477E+18
 0.17542358E+21 0.11397035E+18
 0.17381786E+21 0.11292561E+18
 0.17222684E+21 0.11189044E+18
 0.17065037E+21 0.11086475E+18
 0.16908833E+21 0.10984847E+18
 0.16754057E+21 0.10884151E+18
 0.16600697E+21 0.10784377E+18
 0.16448740E+21 0.10685518E+18
 0.16298173E+21 0.10587565E+18
 0.16148983E+21 0.10490510E+18
 0.16001158E+21 0.10394345E+18
 0.15854686E+21 0.10299061E+18
 0.15709553E+21 0.10204650E+18
 0.15565748E+21 0.10111105E+18
 0.15423259E+21 0.10018418E+18
 0.15282073E+21 0.99265799E+17
 0.15142179E+21 0.98355837E+17
 0.15003565E+21 0.97454216E+17
 0.14866219E+21 0.96560860E+17
 0.14730130E+21 0.95675693E+17
 0.14595285E+21 0.94798639E+17
 0.14461675E+21 0.93929625E+17
 0.14329286E+21 0.93068577E+17
 0.14198109E+21 0.92215422E+17
 0.14068132E+21 0.91370086E+17
 0.13939345E+21 0.90532500E+17
 0.13811735E+21 0.89702591E+17
 0.13685294E+21 0.88880289E+17
 0.13560009E+21 0.88065525E+17
 0.13435870E+21 0.87258230E+17
 0.13312867E+21 0.86458334E+17
 0.13190990E+21 0.85665771E+17
 0.13070228E+21 0.84880473E+17
 0.12950570E+21 0.84102373E+17
 0.12832008E+21 0.83331406E+17
 0.12714530E+21 0.82567506E+17
 0.12598128E+21 0.81810608E+17
 0.12482790E+21 0.81060648E+17
 0.12368508E+21 0.80317562E+17
 0.12255272E+21 0.79581288E+17
 0.12143071E+21 0.78851764E+17
 0.12031898E+21 0.78128926E+17
 0.11921741E+21 0.77412714E+17
 0.11812593E+21 0.76703068E+17
 0.11704444E+21 0.75999927E+17
 0.11597284E+21 0.75303230E+17
 0.11491104E+21 0.74612921E+17
 0.11385897E+21 0.73928939E+17
 0.11281652E+21 0.73251227E+17
 0.11178361E+21 0.72579727E+17
 0.11076015E+21 0.71914382E+17
 0.10974606E+21 0.71255137E+17
 0.10874125E+21 0.70601934E+17
 0.10774563E+21 0.69954719E+17
 0.10675912E+21 0.69313437E+17
 0.10578165E+21 0.68678033E+17
 0.10481311E+21 0.68048454E+17
 0.10385344E+21 0.67424646E+17
 0.10290256E+21 0.66806556E+17
 0.10196037E+21 0.66194132E+17
 0.10102681E+21 0.65587322E+17
 0.10010179E+21 0.64986075E+17
 0.99185242E+20 0.64390338E+17
 0.98277077E+20 0.63800063E+17
 0.97377224E+20 0.63215199E+17
 0.96485607E+20 0.62635695E+17
 0.95602149E+20 0.62061504E+17
 0.94726777E+20 0.61492577E+17
 0.93859417E+20 0.60928864E+17
 0.92999995E+20 0.60370319E+17
 0.92148438E+20 0.59816894E+17
 0.91304676E+20 0.59268542E+17
 0.90468635E+20 0.58725217E+17
 0.89640247E+20 0.58186872E+17
 0.88819440E+20 0.57653462E+17
 0.88006146E+20 0.57124942E+17
 0.87200295E+20 0.56601267E+17
 0.86401820E+20 0.56082392E+17
 0.85610654E+20 0.55568273E+17
 0.84826729E+20 0.55058867E+17
 0.84049979E+20 0.54554131E+17
 0.83280338E+20 0.54054022E+17
 0.82517742E+20 0.53558497E+17
 0.81762126E+20 0.53067514E+17
 0.81013426E+20 0.52581032E+17
 0.80271579E+20 0.52099010E+17
 0.79536522E+20 0.51621406E+17
 0.78808193E+20 0.51148180E+17
 0.78086531E+20 0.50679293E+17
 0.77371475E+20 0.50214703E+17
 0.76662963E+20 0.49754373E+17
 0.75960937E+20 0.49298262E+17
 0.75265337E+20 0.48846332E+17
 0.74576104E+20 0.48398545E+17
 0.73893180E+20 0.47954863E+17
 0.73216507E+20 0.47515248E+17
 0.72546029E+20 0.47079663E+17
 0.71881687E+20 0.46648071E+17
 0.71223427E+20 0.46220435E+17
 0.70571192E+20 0.45796719E+17
 0.69924928E+20 0.45376888E+17
 0.69284580E+20 0.44960905E+17
 0.68650093E+20 0.44548735E+17
 0.68021414E+20 0.44140343E+17
 0.67398491E+20 0.43735696E+17
 0.66781269E+20 0.43334757E+17
 0.66169698E+20 0.42937494E+17
 0.65563725E+20 0.42543873E+17
 0.64963299E+20 0.42153860E+17
 0.64368370E+20 0.41767422E+17
 0.63778887E+20 0.41384527E+17
 0.63194800E+20 0.41005142E+17
 0.62616061E+20 0.40629234E+17
 0.62042619E+20 0.40256773E+17
 0.61474427E+20 0.39887726E+17
 0.60911436E+20 0.39522061E+17
 0.60353599E+20 0.39159749E+17
 0.59800869E+20 0.38800758E+17
 0.59253199E+20 0.38445058E+17
 0.58710543E+20 0.38092619E+17
 0.58172855E+20 0.37743411E+17
 0.57640089E+20 0.37397403E+17
 0.57112201E+20 0.37054568E+17
 0.56589145E+20 0.36714875E+17
 0.56070878E+20 0.36378297E+17
 0.55557356E+20 0.36044804E+17
 0.55048534E+20 0.35714367E+17
 0.54544372E+20 0.35386960E+17
 0.54044824E+20 0.35062555E+17
 0.53549851E+20 0.34741123E+17
 0.53059408E+20 0.34422638E+17
 0.52573456E+20 0.34107072E+17
 0.52091953E+20 0.33794399E+17
 0.51614859E+20 0.33484593E+17
 0.51142132E+20 0.33177626E+17
 0.50673733E+20 0.32873474E+17
 0.50209622E+20 0.32572109E+17
 0.49749761E+20 0.32273508E+17
 0.49294110E+20 0.31977643E+17
 0.48842631E+20 0.31684491E+17
 0.48395285E+20 0.31394026E+17
 0.47952035E+20 0.31106224E+17
 0.47512843E+20 0.30821060E+17
 0.47077672E+20 0.30538511E+17
 0.46646486E+20 0.30258551E+17
 0.46219247E+20 0.29981158E+17
 0.45795921E+20 0.29706308E+17
 0.45376470E+20 0.29433977E+17
 0.44960859E+20 0.29164143E+17
 0.44549054E+20 0.28896782E+17
 0.44141019E+20 0.28631873E+17
 0.43736720E+20 0.28369392E+17
 0.43336123E+20 0.28109317E+17
