# su gauss        je-cap (rev 296)                                            
 0.85226965E+26 0.11130967E+26
 0.85114104E+26 0.11079708E+26
 0.85001794E+26 0.11028676E+26
 0.84890035E+26 0.10977871E+26
 0.84778825E+26 0.10927292E+26
 0.84668160E+26 0.10876938E+26
 0.84558040E+26 0.10826808E+26
 0.84448461E+26 0.10776901E+26
 0.84339421E+26 0.10727216E+26
 0.84230919E+26 0.10677752E+26
 0.84122952E+26 0.10628508E+26
 0.84015516E+26 0.10579481E+26
 0.83908615E+26 0.10530676E+26
 0.83802241E+26 0.10482088E+26
 0.83696392E+26 0.10433715E+26
 0.83591067E+26 0.10385557E+26
 0.83486265E+26 0.10337614E+26
 0.83381983E+26 0.10289884E+26
 0.83278218E+26 0.10242367E+26
 0.83174969E+26 0.10195062E+26
 0.83072233E+26 0.10147968E+26
 0.82970008E+26 0.10101084E+26
 0.82868293E+26 0.10054408E+26
 0.82767084E+26 0.10007941E+26
 0.82666380E+26 0.99616811E+25
 0.82566178E+26 0.99156273E+25
 0.82466477E+26 0.98697790E+25
 0.82367274E+26 0.98241353E+25
 0.82268567E+26 0.97786952E+25
 0.82170354E+26 0.97334578E+25
 0.82072633E+26 0.96884224E+25
 0.81975401E+26 0.96435879E+25
 0.81878657E+26 0.95989536E+25
 0.81782399E+26 0.95545187E+25
 0.81686621E+26 0.95102793E+25
 0.81591326E+26 0.94662404E+25
 0.81496514E+26 0.94224010E+25
 0.81402176E+26 0.93787546E+25
 0.81308311E+26 0.93353028E+25
 0.81214921E+26 0.92920462E+25
 0.81121999E+26 0.92489816E+25
 0.81029547E+26 0.92061101E+25
 0.80937561E+26 0.91634302E+25
 0.80846039E+26 0.91209412E+25
 0.80754979E+26 0.90786422E+25
 0.80664378E+26 0.90365323E+25
 0.80574236E+26 0.89946107E+25
 0.80484549E+26 0.89528767E+25
 0.80395316E+26 0.89113294E+25
 0.80306535E+26 0.88699680E+25
 0.80218202E+26 0.88287917E+25
 0.80130317E+26 0.87877996E+25
 0.80042878E+26 0.87469910E+25
 0.79955881E+26 0.87063652E+25
 0.79869325E+26 0.86659211E+25
 0.79783209E+26 0.86256582E+25
 0.79697529E+26 0.85855756E+25
 0.79612284E+26 0.85456725E+25
 0.79527471E+26 0.85059482E+25
 0.79443090E+26 0.84664018E+25
 0.79359136E+26 0.84270326E+25
 0.79275610E+26 0.83878398E+25
 0.79192507E+26 0.83488227E+25
 0.79109827E+26 0.83099804E+25
 0.79027568E+26 0.82713122E+25
 0.78945726E+26 0.82328174E+25
 0.78864301E+26 0.81944952E+25
 0.78783290E+26 0.81563448E+25
 0.78702691E+26 0.81183655E+25
 0.78622502E+26 0.80805565E+25
 0.78542720E+26 0.80429172E+25
 0.78463345E+26 0.80054467E+25
 0.78384374E+26 0.79681443E+25
 0.78305805E+26 0.79310093E+25
 0.78227635E+26 0.78940410E+25
 0.78149863E+26 0.78572385E+25
 0.78072487E+26 0.78206013E+25
 0.77995505E+26 0.77841285E+25
 0.77918915E+26 0.77478195E+25
 0.77842714E+26 0.77116735E+25
 0.77766901E+26 0.76756899E+25
 0.77691473E+26 0.76398678E+25
 0.77616429E+26 0.76042067E+25
 0.77541767E+26 0.75687057E+25
 0.77467485E+26 0.75333642E+25
 0.77393580E+26 0.74981815E+25
 0.77320051E+26 0.74631572E+25
 0.77246895E+26 0.74282898E+25
 0.77174111E+26 0.73935793E+25
 0.77101696E+26 0.73590249E+25
 0.77029650E+26 0.73246257E+25
 0.76957969E+26 0.72903813E+25
 0.76886651E+26 0.72562908E+25
 0.76815696E+26 0.72223536E+25
 0.76745100E+26 0.71885691E+25
 0.76674862E+26 0.71549365E+25
 0.76604979E+26 0.71214552E+25
 0.76535450E+26 0.70881245E+25
 0.76466274E+26 0.70549437E+25
 0.76397447E+26 0.70219123E+25
 0.76328968E+26 0.69890295E+25
 0.76260835E+26 0.69562947E+25
 0.76193046E+26 0.69237072E+25
 0.76125599E+26 0.68912664E+25
 0.76058492E+26 0.68589717E+25
 0.75991723E+26 0.68268223E+25
 0.75925291E+26 0.67948177E+25
 0.75859192E+26 0.67629572E+25
 0.75793426E+26 0.67312402E+25
 0.75727991E+26 0.66996661E+25
 0.75662884E+26 0.66682342E+25
 0.75598103E+26 0.66369438E+25
 0.75533647E+26 0.66057945E+25
 0.75469514E+26 0.65747854E+25
 0.75405702E+26 0.65439162E+25
 0.75342208E+26 0.65131860E+25
 0.75279032E+26 0.64825943E+25
 0.75216170E+26 0.64521405E+25
 0.75153622E+26 0.64218240E+25
 0.75091384E+26 0.63916442E+25
 0.75029456E+26 0.63616003E+25
 0.74967836E+26 0.63316920E+25
 0.74906521E+26 0.63019185E+25
 0.74845509E+26 0.62722793E+25
 0.74784800E+26 0.62427738E+25
 0.74724390E+26 0.62134014E+25
 0.74664278E+26 0.61841614E+25
 0.74604463E+26 0.61550534E+25
 0.74544941E+26 0.61260767E+25
 0.74485712E+26 0.60972307E+25
 0.74426774E+26 0.60685149E+25
 0.74368124E+26 0.60399287E+25
 0.74309761E+26 0.60114715E+25
 0.74251682E+26 0.59831428E+25
 0.74193887E+26 0.59549419E+25
 0.74136373E+26 0.59268683E+25
 0.74079138E+26 0.58989215E+25
 0.74022181E+26 0.58711009E+25
 0.73965500E+26 0.58434058E+25
 0.73909092E+26 0.58158359E+25
 0.73852956E+26 0.57883904E+25
 0.73797091E+26 0.57610690E+25
 0.73741493E+26 0.57338709E+25
 0.73686162E+26 0.57067957E+25
 0.73631096E+26 0.56798428E+25
 0.73576293E+26 0.56530116E+25
 0.73521750E+26 0.56263017E+25
 0.73467467E+26 0.55997125E+25
 0.73413441E+26 0.55732435E+25
 0.73359671E+26 0.55468941E+25
 0.73306154E+26 0.55206637E+25
 0.73252889E+26 0.54945520E+25
 0.73199875E+26 0.54685583E+25
 0.73147109E+26 0.54426820E+25
 0.73094589E+26 0.54169228E+25
 0.73042315E+26 0.53912801E+25
 0.72990283E+26 0.53657533E+25
 0.72938492E+26 0.53403419E+25
 0.72886941E+26 0.53150455E+25
 0.72835628E+26 0.52898634E+25
 0.72784550E+26 0.52647953E+25
 0.72733707E+26 0.52398406E+25
 0.72683096E+26 0.52149987E+25
 0.72632801E+26 0.51902693E+25
 0.72582649E+26 0.51656517E+25
 0.72532725E+26 0.51411456E+25
 0.72483026E+26 0.51167503E+25
 0.72433550E+26 0.50924654E+25
 0.72384296E+26 0.50682904E+25
 0.72335262E+26 0.50442249E+25
 0.72286447E+26 0.50202683E+25
 0.72237848E+26 0.49964201E+25
 0.72189474E+26 0.49726799E+25
 0.72141293E+26 0.49490472E+25
 0.72093333E+26 0.49255214E+25
 0.72045594E+26 0.49021022E+25
 0.71998042E+26 0.48787891E+25
 0.71950706E+26 0.48555815E+25
 0.71903575E+26 0.48324790E+25
 0.71856647E+26 0.48094812E+25
 0.71809920E+26 0.47865876E+25
 0.71763392E+26 0.47637976E+25
 0.71717062E+26 0.47411109E+25
 0.71670928E+26 0.47185269E+25
 0.71624988E+26 0.46960453E+25
 0.71579241E+26 0.46736656E+25
 0.71533685E+26 0.46513873E+25
 0.71488318E+26 0.46292099E+25
 0.71443139E+26 0.46071330E+25
 0.71398145E+26 0.45851562E+25
 0.71353336E+26 0.45632790E+25
 0.71308709E+26 0.45415010E+25
 0.71264263E+26 0.45198216E+25
 0.71219997E+26 0.44982406E+25
 0.71175907E+26 0.44767574E+25
 0.71131994E+26 0.44553716E+25
 0.71088255E+26 0.44340828E+25
 0.71044688E+26 0.44128905E+25
 0.71001293E+26 0.43917943E+25
 0.70958066E+26 0.43707938E+25
 0.70915008E+26 0.43498885E+25
 0.70872115E+26 0.43290781E+25
 0.70829386E+26 0.43083620E+25
 0.70786821E+26 0.42877400E+25
 0.70744416E+26 0.42672114E+25
 0.70702171E+26 0.42467760E+25
 0.70660084E+26 0.42264333E+25
 0.70618153E+26 0.42061830E+25
 0.70576377E+26 0.41860245E+25
 0.70534739E+26 0.41659574E+25
 0.70493281E+26 0.41459815E+25
 0.70451954E+26 0.41260962E+25
 0.70410782E+26 0.41063011E+25
 0.70369752E+26 0.40865959E+25
 0.70328868E+26 0.40669802E+25
 0.70288125E+26 0.40474534E+25
 0.70247531E+26 0.40280154E+25
 0.70207081E+26 0.40086655E+25
 0.70166769E+26 0.39894036E+25
 0.70126586E+26 0.39702290E+25
 0.70086521E+26 0.39511416E+25
 0.70046564E+26 0.39321408E+25
 0.70006796E+26 0.39132263E+25
 0.69967178E+26 0.38943977E+25
 0.69927687E+26 0.38756546E+25
 0.69833826E+26 0.38569967E+25
 0.69849063E+26 0.38384234E+25
 0.69809860E+26 0.38199346E+25
 0.69770794E+26 0.38015297E+25
 0.69731906E+26 0.37832085E+25
 0.69693165E+26 0.37649705E+25
 0.69654515E+26 0.37468153E+25
 0.69615967E+26 0.37287427E+25
 0.69577528E+26 0.37107521E+25
 0.69539205E+26 0.36928433E+25
 0.69500982E+26 0.36750159E+25
 0.69462888E+26 0.36572695E+25
 0.69424901E+26 0.36396038E+25
 0.69387043E+26 0.36220183E+25
 0.69349260E+26 0.36045128E+25
 0.69311603E+26 0.35870868E+25
 0.69274036E+26 0.35697401E+25
 0.69236570E+26 0.35524722E+25
 0.69199204E+26 0.35352828E+25
 0.69161936E+26 0.35181716E+25
 0.69124765E+26 0.35011381E+25
 0.69087689E+26 0.34841821E+25
 0.69050706E+26 0.34673033E+25
 0.69013815E+26 0.34505011E+25
 0.68977023E+26 0.34337754E+25
 0.68940312E+26 0.34171257E+25
 0.68903679E+26 0.34005518E+25
 0.68867141E+26 0.33840532E+25
 0.68830688E+26 0.33676297E+25
 0.68794317E+26 0.33512808E+25
 0.68758027E+26 0.33350064E+25
 0.68721817E+26 0.33188059E+25
 0.68685686E+26 0.33026792E+25
 0.68649631E+26 0.32866258E+25
 0.68613654E+26 0.32706455E+25
 0.68577747E+26 0.32547379E+25
 0.68541900E+26 0.32389027E+25
 0.68506252E+26 0.32231395E+25
 0.68470446E+26 0.32074480E+25
 0.68434834E+26 0.31918280E+25
 0.68399275E+26 0.31762790E+25
 0.68363781E+26 0.31608008E+25
 0.68328351E+26 0.31453930E+25
 0.68292982E+26 0.31300554E+25
 0.68257674E+26 0.31147876E+25
 0.68222424E+26 0.30995892E+25
 0.68187232E+26 0.30844601E+25
 0.68152096E+26 0.30693998E+25
 0.68117015E+26 0.30544081E+25
 0.68081990E+26 0.30394847E+25
 0.68046990E+26 0.30246291E+25
 0.68012090E+26 0.30098413E+25
 0.67977203E+26 0.29951207E+25
 0.67942371E+26 0.29804672E+25
 0.67907585E+26 0.29658804E+25
 0.67872843E+26 0.29513600E+25
 0.67838131E+26 0.29369058E+25
 0.67803485E+26 0.29225174E+25
 0.67768866E+26 0.29081945E+25
 0.67734272E+26 0.28939368E+25
 0.67699690E+26 0.28797441E+25
 0.67665232E+26 0.28656161E+25
 0.30883300E+26 0.28515524E+25
 0.67596309E+26 0.28375527E+25
 0.67561877E+26 0.28236168E+25
 0.67527505E+26 0.28097445E+25
 0.67493151E+26 0.27959353E+25
 0.67458835E+26 0.27821890E+25
 0.67424531E+26 0.27685054E+25
 0.67390250E+26 0.27548841E+25
 0.67355973E+26 0.27413248E+25
 0.67321728E+26 0.27278274E+25
 0.67287533E+26 0.27143915E+25
 0.67253331E+26 0.27010168E+25
 0.67219145E+26 0.26877030E+25
 0.67184955E+26 0.26744499E+25
 0.67150814E+26 0.26612572E+25
 0.67116666E+26 0.26481247E+25
 0.67082528E+26 0.26350520E+25
 0.67048399E+26 0.26220389E+25
 0.67014277E+26 0.26090851E+25
 0.66980161E+26 0.25961904E+25
 0.66946048E+26 0.25833544E+25
 0.66911938E+26 0.25705770E+25
 0.66877830E+26 0.25578578E+25
 0.66843720E+26 0.25451966E+25
 0.66809609E+26 0.25325931E+25
 0.66775495E+26 0.25200471E+25
 0.66741376E+26 0.25075583E+25
 0.66707250E+26 0.24951265E+25
 0.66673115E+26 0.24827513E+25
 0.66638972E+26 0.24704326E+25
 0.66604818E+26 0.24581700E+25
 0.66570652E+26 0.24459634E+25
 0.66536471E+26 0.24338124E+25
 0.66502276E+26 0.24217169E+25
 0.66468063E+26 0.24096765E+25
 0.66433832E+26 0.23976910E+25
 0.66399581E+26 0.23857602E+25
 0.66365308E+26 0.23738839E+25
 0.66331013E+26 0.23620617E+25
 0.66296693E+26 0.23502934E+25
 0.66262347E+26 0.23385788E+25
 0.66227974E+26 0.23269177E+25
 0.66193571E+26 0.23153098E+25
 0.66159139E+26 0.23037548E+25
 0.66124674E+26 0.22922526E+25
 0.66090175E+26 0.22808028E+25
 0.66055641E+26 0.22694053E+25
 0.66021071E+26 0.22580598E+25
 0.65986451E+26 0.22467660E+25
 0.65951814E+26 0.22355238E+25
 0.65917125E+26 0.22243329E+25
 0.65882392E+26 0.22131931E+25
 0.65847616E+26 0.22021041E+25
 0.65812793E+26 0.21910657E+25
 0.65777927E+26 0.21800777E+25
 0.65742985E+26 0.21691399E+25
 0.65708034E+26 0.21582520E+25
 0.65673013E+26 0.21474138E+25
 0.65637938E+26 0.21366250E+25
 0.65602807E+26 0.21258855E+25
 0.65567620E+26 0.21151951E+25
 0.65532374E+26 0.21045534E+25
 0.65497069E+26 0.20939604E+25
 0.65461702E+26 0.20834157E+25
 0.65426272E+26 0.20729191E+25
 0.65390777E+26 0.20624705E+25
 0.65355216E+26 0.20520696E+25
 0.65319587E+26 0.20417162E+25
 0.65283890E+26 0.20314100E+25
 0.65248121E+26 0.20211510E+25
 0.65212279E+26 0.20109387E+25
 0.65176364E+26 0.20007732E+25
 0.65140372E+26 0.19906540E+25
 0.65104304E+26 0.19805811E+25
 0.65068156E+26 0.19705542E+25
 0.65031928E+26 0.19605731E+25
 0.64995618E+26 0.19506375E+25
 0.64959224E+26 0.19407474E+25
 0.64922745E+26 0.19309024E+25
 0.64886178E+26 0.19211025E+25
 0.64849523E+26 0.19113473E+25
 0.64812778E+26 0.19016366E+25
 0.64775941E+26 0.18919704E+25
 0.64739010E+26 0.18823483E+25
 0.64701984E+26 0.18727702E+25
 0.64664862E+26 0.18632358E+25
 0.64627641E+26 0.18537450E+25
 0.64590320E+26 0.18442976E+25
 0.64552898E+26 0.18348934E+25
 0.64515351E+26 0.18255322E+25
 0.64477741E+26 0.18162137E+25
 0.64440004E+26 0.18069379E+25
 0.64402158E+26 0.17977044E+25
 0.64364202E+26 0.17885132E+25
 0.64326135E+26 0.17793640E+25
 0.64287955E+26 0.17702566E+25
 0.64249659E+26 0.17611908E+25
 0.64211247E+26 0.17521665E+25
 0.64172717E+26 0.17431835E+25
 0.64134067E+26 0.17342415E+25
 0.64095295E+26 0.17253405E+25
 0.64056400E+26 0.17164801E+25
 0.64017380E+26 0.17076603E+25
 0.63978233E+26 0.16988808E+25
 0.63938958E+26 0.16901414E+25
 0.63899553E+26 0.16814421E+25
 0.63860016E+26 0.16727825E+25
 0.63820346E+26 0.16641626E+25
 0.63780540E+26 0.16555821E+25
 0.63740598E+26 0.16470408E+25
 0.63700517E+26 0.16385387E+25
 0.63660296E+26 0.16300754E+25
 0.63619933E+26 0.16216509E+25
 0.63579426E+26 0.16132649E+25
 0.63538774E+26 0.16049174E+25
 0.63497975E+26 0.15966080E+25
 0.63457027E+26 0.15883366E+25
 0.63415929E+26 0.15801032E+25
 0.63374678E+26 0.15719074E+25
 0.63333273E+26 0.15637491E+25
 0.63291713E+26 0.15556282E+25
 0.63249996E+26 0.15475445E+25
 0.63208118E+26 0.15394978E+25
 0.63166080E+26 0.15314880E+25
 0.63123880E+26 0.15235149E+25
 0.63081515E+26 0.15155782E+25
 0.63038984E+26 0.15076780E+25
 0.62996285E+26 0.14998139E+25
 0.62953417E+26 0.14919858E+25
 0.62910378E+26 0.14841937E+25
 0.62867165E+26 0.14764372E+25
 0.62823778E+26 0.14687163E+25
 0.62780214E+26 0.14610308E+25
 0.62736472E+26 0.14533805E+25
 0.62692550E+26 0.14457652E+25
 0.62648447E+26 0.14381849E+25
 0.62604160E+26 0.14306393E+25
 0.62559688E+26 0.14231284E+25
 0.62515028E+26 0.14156519E+25
 0.62470180E+26 0.14082097E+25
 0.62425142E+26 0.14008016E+25
 0.62379912E+26 0.13934275E+25
 0.62334487E+26 0.13860872E+25
 0.62288867E+26 0.13787806E+25
 0.62243050E+26 0.13715076E+25
 0.62197033E+26 0.13642679E+25
 0.62150816E+26 0.13570614E+25
 0.62104396E+26 0.13498881E+25
 0.62057772E+26 0.13427476E+25
 0.62010942E+26 0.13356400E+25
 0.61963904E+26 0.13285650E+25
 0.61916656E+26 0.13215225E+25
 0.61869197E+26 0.13145123E+25
 0.61821525E+26 0.13075344E+25
 0.61773639E+26 0.13005885E+25
 0.61725536E+26 0.12936745E+25
 0.61677214E+26 0.12867923E+25
 0.61628673E+26 0.12799417E+25
 0.61579911E+26 0.12731227E+25
 0.61530925E+26 0.12663350E+25
 0.61481713E+26 0.12595785E+25
 0.61432276E+26 0.12528530E+25
 0.61382610E+26 0.12461586E+25
 0.61332714E+26 0.12394949E+25
 0.61282585E+26 0.12328619E+25
 0.61232224E+26 0.12262594E+25
 0.61181627E+26 0.12196873E+25
 0.61130793E+26 0.12131454E+25
 0.61079721E+26 0.12066337E+25
 0.61028408E+26 0.12001520E+25
 0.60976854E+26 0.11937001E+25
 0.60925062E+26 0.11872780E+25
 0.60873012E+26 0.11808854E+25
 0.60820722E+26 0.11745223E+25
 0.60768183E+26 0.11681886E+25
 0.60715394E+26 0.11618840E+25
 0.60662353E+26 0.11556085E+25
 0.60609058E+26 0.11493620E+25
 0.60555508E+26 0.11431443E+25
 0.60501702E+26 0.11369553E+25
 0.60447638E+26 0.11307948E+25
 0.60393313E+26 0.11246628E+25
 0.60338727E+26 0.11185591E+25
 0.60283877E+26 0.11124836E+25
 0.60228769E+26 0.11064361E+25
 0.60173383E+26 0.11004166E+25
 0.60117734E+26 0.10944250E+25
 0.60061817E+26 0.10884610E+25
 0.60005628E+26 0.10825246E+25
 0.59949063E+26 0.10766156E+25
 0.59892431E+26 0.10707340E+25
 0.59835420E+26 0.10648796E+25
 0.59778132E+26 0.10590524E+25
 0.59720565E+26 0.10532521E+25
 0.59662718E+26 0.10474786E+25
 0.59604589E+26 0.10417319E+25
 0.59546177E+26 0.10360119E+25
 0.59487481E+26 0.10303183E+25
 0.59428499E+26 0.10246512E+25
 0.59369232E+26 0.10190103E+25
 0.59309671E+26 0.10133956E+25
 0.59249821E+26 0.10078070E+25
 0.59189685E+26 0.10022443E+25
 0.59129145E+26 0.99670744E+24
 0.59068519E+26 0.99119631E+24
 0.59007494E+26 0.98571078E+24
 0.58946173E+26 0.98025075E+24
 0.58884553E+26 0.97481612E+24
 0.58822633E+26 0.96940676E+24
 0.58760412E+26 0.96402257E+24
 0.58697888E+26 0.95866345E+24
 0.58635060E+26 0.95332928E+24
 0.58571931E+26 0.94801996E+24
 0.58508489E+26 0.94273538E+24
 0.58444748E+26 0.93747544E+24
 0.58380687E+26 0.93224003E+24
 0.58316321E+26 0.92702904E+24
 0.58251644E+26 0.92184237E+24
 0.58186654E+26 0.91667993E+24
 0.58121351E+26 0.91154159E+24
 0.58055733E+26 0.90642727E+24
 0.57989799E+26 0.90133685E+24
 0.57923447E+26 0.89627024E+24
 0.57856878E+26 0.89122734E+24
 0.57790090E+26 0.88620804E+24
 0.57722889E+26 0.88121224E+24
 0.57655352E+26 0.87623985E+24
 0.57587500E+26 0.87129077E+24
 0.57519323E+26 0.86636491E+24
 0.57450823E+26 0.86146215E+24
 0.57381997E+26 0.85658240E+24
 0.57312745E+26 0.85172557E+24
 0.57243366E+26 0.84689157E+24
 0.57173561E+26 0.84208028E+24
 0.57103324E+26 0.83729163E+24
 0.57032953E+26 0.83252550E+24
 0.56962147E+26 0.82778182E+24
 0.56891009E+26 0.82306049E+24
 0.56819558E+26 0.81836140E+24
 0.55214637E+26 0.81368448E+24
 0.56675647E+26 0.80902962E+24
 0.56603164E+26 0.80439674E+24
 0.56530374E+26 0.79978574E+24
 0.56457247E+26 0.79519654E+24
 0.56383778E+26 0.79062904E+24
 0.56309976E+26 0.78608315E+24
 0.56235815E+26 0.78155879E+24
 0.56161216E+26 0.77705585E+24
 0.56086506E+26 0.77257427E+24
 0.56011331E+26 0.76811394E+24
 0.55935834E+26 0.76367479E+24
 0.55859987E+26 0.75925671E+24
 0.55783755E+26 0.75485964E+24
 0.55707260E+26 0.75048347E+24
 0.55630397E+26 0.74612813E+24
 0.55553080E+26 0.74179353E+24
 0.55475520E+26 0.73747958E+24
 0.55397724E+26 0.73318620E+24
 0.55319470E+26 0.72891331E+24
 0.55240879E+26 0.72466082E+24
 0.55161944E+26 0.72042866E+24
 0.55082663E+26 0.71621673E+24
 0.55002940E+26 0.71202495E+24
 0.54923067E+26 0.70785325E+24
 0.54842770E+26 0.70370154E+24
 0.54762084E+26 0.69956975E+24
 0.54680989E+26 0.69545778E+24
 0.54599693E+26 0.69136557E+24
 0.54517803E+26 0.68729302E+24
 0.54435974E+26 0.68324007E+24
 0.54353591E+26 0.67920664E+24
 0.54270821E+26 0.67519264E+24
 0.52106365E+26 0.67119799E+24
 0.54104241E+26 0.66722263E+24
 0.54020578E+26 0.66326647E+24
 0.53936395E+26 0.65932943E+24
 0.53851934E+26 0.65541145E+24
 0.53767194E+26 0.65151244E+24
 0.53682038E+26 0.64763233E+24
 0.53596538E+26 0.64377104E+24
 0.53510693E+26 0.63992850E+24
 0.53424266E+26 0.63610464E+24
 0.53337974E+26 0.63229938E+24
 0.53251004E+26 0.62851264E+24
 0.53163840E+26 0.62474436E+24
 0.53076324E+26 0.62099446E+24
 0.52988422E+26 0.61726287E+24
 0.52900179E+26 0.61354951E+24
 0.52811589E+26 0.60985432E+24
 0.52722624E+26 0.60617722E+24
 0.52633404E+26 0.60251814E+24
 0.52543799E+26 0.59887702E+24
 0.52453856E+26 0.59525378E+24
 0.52363575E+26 0.59164835E+24
 0.52272912E+26 0.58806066E+24
 0.52182004E+26 0.58449065E+24
 0.52090712E+26 0.58093823E+24
 0.51999086E+26 0.57740336E+24
 0.51907028E+26 0.57388595E+24
 0.51814784E+26 0.57038594E+24
 0.51722198E+26 0.56690326E+24
 0.41182845E+26 0.56343785E+24
 0.51535929E+26 0.55998963E+24
 0.51442336E+26 0.55655855E+24
 0.51348391E+26 0.55314453E+24
 0.51254099E+26 0.54974751E+24
 0.51159438E+26 0.54636742E+24
 0.51064607E+26 0.54300420E+24
 0.50969360E+26 0.53965778E+24
 0.50873789E+26 0.53632810E+24
 0.50777895E+26 0.53301510E+24
 0.50681679E+26 0.52971870E+24
 0.50585150E+26 0.52643885E+24
 0.50488298E+26 0.52317548E+24
 0.50391134E+26 0.51992854E+24
 0.50293653E+26 0.51669794E+24
 0.50195857E+26 0.51348364E+24
 0.50097749E+26 0.51028558E+24
 0.49999332E+26 0.50710368E+24
 0.49900604E+26 0.50393789E+24
 0.49801569E+26 0.50078814E+24
 0.49702227E+26 0.49765438E+24
 0.49602563E+26 0.49453654E+24
 0.49502523E+26 0.49143456E+24
 0.49402363E+26 0.48834839E+24
 0.49301814E+26 0.48527795E+24
 0.49200967E+26 0.48222320E+24
 0.49099822E+26 0.47918407E+24
 0.48998099E+26 0.47616050E+24
 0.48896367E+26 0.47315244E+24
 0.48794345E+26 0.47015982E+24
 0.48692033E+26 0.46718259E+24
 0.48589436E+26 0.46422068E+24
 0.48486549E+26 0.46127404E+24
 0.48383291E+26 0.45834261E+24
 0.48279842E+26 0.45542634E+24
 0.48176206E+26 0.45252516E+24
 0.48072201E+26 0.44963902E+24
 0.47967920E+26 0.44676785E+24
 0.47863366E+26 0.44391162E+24
 0.47758542E+26 0.44107025E+24
 0.47653448E+26 0.43824369E+24
 0.47548088E+26 0.43543188E+24
 0.47442455E+26 0.43263477E+24
 0.47336578E+26 0.42985231E+24
 0.47230430E+26 0.42708443E+24
 0.47124020E+26 0.42433108E+24
 0.47017349E+26 0.42159221E+24
 0.46910347E+26 0.41886775E+24
 0.46803275E+26 0.41615767E+24
 0.43359258E+26 0.41346189E+24
 0.46588112E+26 0.41078038E+24
 0.46480306E+26 0.40811306E+24
 0.46372066E+26 0.40545989E+24
 0.46263780E+26 0.40282082E+24
 0.46155163E+26 0.40019579E+24
 0.46046310E+26 0.39758474E+24
 0.45937111E+26 0.39498763E+24
 0.45827910E+26 0.39240440E+24
 0.45718370E+26 0.38983499E+24
 0.45608607E+26 0.38727936E+24
 0.45498624E+26 0.38473745E+24
 0.45388422E+26 0.38220921E+24
 0.45277991E+26 0.37969459E+24
 0.45167377E+26 0.37719353E+24
 0.45056536E+26 0.37470598E+24
 0.44945484E+26 0.37223189E+24
 0.44834235E+26 0.36977121E+24
 0.44722777E+26 0.36732389E+24
 0.44611123E+26 0.36488987E+24
 0.44499271E+26 0.36246911E+24
 0.44387225E+26 0.36006155E+24
 0.44275038E+26 0.35766714E+24
 0.44162621E+26 0.35528583E+24
 0.44049962E+26 0.35291757E+24
 0.43937223E+26 0.35056231E+24
 0.43824236E+26 0.34821999E+24
 0.43711032E+26 0.34589058E+24
 0.43597772E+26 0.34357401E+24
 0.43484299E+26 0.34127025E+24
 0.43288007E+26 0.33897923E+24
 0.43256790E+26 0.33670090E+24
 0.43142742E+26 0.33443523E+24
 0.43028621E+26 0.33218215E+24
 0.42914342E+26 0.32994161E+24
 0.42799914E+26 0.32771359E+24
 0.42685323E+26 0.32549801E+24
 0.42570564E+26 0.32329484E+24
 0.42455665E+26 0.32110401E+24
 0.40723457E+26 0.31892549E+24
 0.41782977E+26 0.31675923E+24
 0.42110179E+26 0.31460517E+24
 0.41994643E+26 0.31246326E+24
 0.41879129E+26 0.31033347E+24
 0.41763506E+26 0.30821574E+24
 0.41647698E+26 0.30611002E+24
 0.41531772E+26 0.30401626E+24
 0.41415699E+26 0.30193442E+24
 0.41299577E+26 0.29986444E+24
 0.41183234E+26 0.29780629E+24
 0.41066944E+26 0.29575991E+24
 0.40950471E+26 0.29372525E+24
 0.40833844E+26 0.29170227E+24
 0.40717223E+26 0.28969092E+24
 0.40600458E+26 0.28769115E+24
 0.40483615E+26 0.28570292E+24
 0.40366666E+26 0.28372618E+24
 0.40249632E+26 0.28176082E+24
 0.40132536E+26 0.27980691E+24
 0.40015356E+26 0.27786435E+24
 0.39898017E+26 0.27593309E+24
 0.39780742E+26 0.27401308E+24
 0.39663294E+26 0.27210427E+24
 0.39545887E+26 0.27020663E+24
 0.39428231E+26 0.26832010E+24
 0.39149907E+26 0.26644464E+24
 0.39193162E+26 0.26458020E+24
 0.39075447E+26 0.26272674E+24
 0.38957669E+26 0.26088420E+24
 0.38839890E+26 0.25905255E+24
 0.38722032E+26 0.25723173E+24
 0.38604257E+26 0.25542171E+24
 0.38486321E+26 0.25362243E+24
 0.36291248E+26 0.25183384E+24
 0.38250332E+26 0.25005592E+24
 0.38132409E+26 0.24828860E+24
 0.38014387E+26 0.24653184E+24
 0.37896310E+26 0.24478561E+24
 0.37778296E+26 0.24304984E+24
 0.37660160E+26 0.24132450E+24
 0.37542125E+26 0.23960955E+24
 0.37424034E+26 0.23790493E+24
 0.37305932E+26 0.23621060E+24
 0.37187836E+26 0.23452652E+24
 0.37069735E+26 0.23285264E+24
 0.36951639E+26 0.23118892E+24
 0.36833552E+26 0.22953532E+24
 0.36715468E+26 0.22789178E+24
 0.36597365E+26 0.22625827E+24
 0.36479313E+26 0.22463473E+24
 0.36361264E+26 0.22302113E+24
 0.36243253E+26 0.22141742E+24
 0.36125266E+26 0.21982356E+24
 0.36007310E+26 0.21823950E+24
 0.35889394E+26 0.21666520E+24
 0.35771511E+26 0.21510061E+24
 0.35653656E+26 0.21354570E+24
 0.35535824E+26 0.21200041E+24
 0.35418067E+26 0.21046470E+24
 0.35300382E+26 0.20893853E+24
 0.35182630E+26 0.20742186E+24
 0.35065026E+26 0.20591465E+24
 0.33361978E+26 0.20441684E+24
 0.34829891E+26 0.20292839E+24
 0.34712483E+26 0.20144927E+24
 0.34595076E+26 0.19997943E+24
 0.34477718E+26 0.19851883E+24
 0.34360492E+26 0.19706742E+24
 0.34243304E+26 0.19562516E+24
 0.34126234E+26 0.19419200E+24
 0.34009178E+26 0.19276792E+24
 0.33892185E+26 0.19135285E+24
 0.33775448E+26 0.18994676E+24
 0.33658523E+26 0.18854962E+24
 0.33541805E+26 0.18716136E+24
 0.33425409E+26 0.18578196E+24
 0.33308836E+26 0.18441137E+24
 0.33192249E+26 0.18304954E+24
 0.33075911E+26 0.18169644E+24
 0.32959842E+26 0.18035203E+24
 0.32843708E+26 0.17901625E+24
 0.32727475E+26 0.17768908E+24
 0.32611779E+26 0.17637046E+24
 0.32495815E+26 0.17506036E+24
 0.32380289E+26 0.17375874E+24
 0.32264700E+26 0.17246555E+24
 0.32149234E+26 0.17118075E+24
 0.32033901E+26 0.16990430E+24
 0.31918728E+26 0.16863616E+24
 0.31803639E+26 0.16737629E+24
 0.31688684E+26 0.16612464E+24
 0.31573803E+26 0.16488118E+24
 0.31459056E+26 0.16364587E+24
 0.31344544E+26 0.16241865E+24
 0.31230155E+26 0.16119951E+24
 0.31115823E+26 0.15998838E+24
 0.31001662E+26 0.15878524E+24
 0.30887681E+26 0.15759004E+24
 0.30773809E+26 0.15640274E+24
 0.30660095E+26 0.15522330E+24
 0.30546540E+26 0.15405169E+24
 0.30432986E+26 0.15288785E+24
 0.30319744E+26 0.15173176E+24
 0.30206640E+26 0.15058336E+24
 0.30093656E+26 0.14944263E+24
 0.29980868E+26 0.14830952E+24
 0.29868228E+26 0.14718399E+24
 0.29755742E+26 0.14606600E+24
 0.29643480E+26 0.14495552E+24
 0.29531383E+26 0.14385249E+24
 0.28944636E+26 0.14275690E+24
 0.29249209E+26 0.14166869E+24
 0.29196056E+26 0.14058782E+24
 0.29084617E+26 0.13951427E+24
 0.28973434E+26 0.13844798E+24
 0.28862371E+26 0.13738892E+24
 0.28751535E+26 0.13633705E+24
 0.28640797E+26 0.13529234E+24
 0.28530262E+26 0.13425473E+24
 0.28419942E+26 0.13322421E+24
 0.28309811E+26 0.13220072E+24
 0.28199871E+26 0.13118423E+24
 0.28090119E+26 0.13017471E+24
 0.27980546E+26 0.12917211E+24
 0.27871199E+26 0.12817639E+24
 0.27762038E+26 0.12718752E+24
 0.27653196E+26 0.12620546E+24
 0.27544294E+26 0.12523018E+24
 0.27435858E+26 0.12426163E+24
 0.27327541E+26 0.12329978E+24
 0.27219234E+26 0.12234459E+24
 0.27111283E+26 0.12139603E+24
 0.27003526E+26 0.12045405E+24
 0.26896004E+26 0.11951863E+24
 0.26788679E+26 0.11858972E+24
 0.26681585E+26 0.11766728E+24
 0.26574686E+26 0.11675129E+24
 0.26468009E+26 0.11584170E+24
 0.26361559E+26 0.11493848E+24
 0.26255307E+26 0.11404159E+24
 0.26149283E+26 0.11315100E+24
 0.26043482E+26 0.11226667E+24
 0.25937913E+26 0.11138857E+24
 0.25832545E+26 0.11051665E+24
 0.25727413E+26 0.10965088E+24
 0.25622507E+26 0.10879124E+24
 0.25517822E+26 0.10793767E+24
 0.25413376E+26 0.10709016E+24
 0.25309154E+26 0.10624865E+24
 0.25205281E+26 0.10541312E+24
 0.25101354E+26 0.10458354E+24
 0.24997891E+26 0.10375986E+24
 0.24894589E+26 0.10294206E+24
 0.24791536E+26 0.10213009E+24
 0.24688707E+26 0.10132393E+24
 0.24586118E+26 0.10052354E+24
 0.24483877E+26 0.99728887E+23
 0.24381666E+26 0.98939934E+23
 0.24279800E+26 0.98156649E+23
 0.24178175E+26 0.97378997E+23
 0.24076789E+26 0.96606947E+23
 0.23975653E+26 0.95840464E+23
 0.23874749E+26 0.95079514E+23
 0.23774096E+26 0.94324064E+23
 0.23673695E+26 0.93574082E+23
 0.23573524E+26 0.92829534E+23
 0.23473615E+26 0.92090388E+23
 0.23373953E+26 0.91356610E+23
 0.23274528E+26 0.90628168E+23
 0.23175361E+26 0.89905029E+23
 0.23076447E+26 0.89187162E+23
 0.22977781E+26 0.88474533E+23
 0.22879368E+26 0.87767110E+23
 0.22781217E+26 0.87064863E+23
 0.22683300E+26 0.86367758E+23
 0.22585610E+26 0.85675763E+23
 0.22488250E+26 0.84988849E+23
 0.22391106E+26 0.84306982E+23
 0.22294219E+26 0.83630131E+23
 0.22197463E+26 0.82958266E+23
 0.22101212E+26 0.82291354E+23
 0.22005110E+26 0.81629366E+23
 0.21909201E+26 0.80972270E+23
 0.18226364E+26 0.80320035E+23
 0.20284795E+26 0.79672632E+23
 0.21623243E+26 0.79030028E+23
 0.21528416E+26 0.78392195E+23
 0.21433870E+26 0.77759101E+23
 0.21339522E+26 0.77130717E+23
 0.21245555E+26 0.76507013E+23
 0.21151774E+26 0.75887959E+23
 0.21058255E+26 0.75273530E+23
 0.20965024E+26 0.74663686E+23
 0.20872038E+26 0.74058404E+23
 0.20779329E+26 0.73457654E+23
 0.20487463E+26 0.72861407E+23
 0.20594714E+26 0.72269633E+23
 0.20502801E+26 0.71682304E+23
 0.20411094E+26 0.71099391E+23
 0.20319746E+26 0.70520865E+23
 0.20228731E+26 0.69946699E+23
 0.20137797E+26 0.69376862E+23
 0.20047212E+26 0.68811328E+23
 0.19956887E+26 0.68250068E+23
 0.19866845E+26 0.67693054E+23
 0.19777065E+26 0.67140258E+23
 0.19687554E+26 0.66591652E+23
 0.19598310E+26 0.66047209E+23
 0.19509336E+26 0.65506902E+23
 0.19420632E+26 0.64970702E+23
 0.19332194E+26 0.64438584E+23
 0.19244031E+26 0.63910519E+23
 0.19156100E+26 0.63386480E+23
 0.19068473E+26 0.62866442E+23
 0.18981124E+26 0.62350377E+23
 0.18894045E+26 0.61838258E+23
 0.18807224E+26 0.61330059E+23
 0.18720678E+26 0.60825755E+23
 0.18634409E+26 0.60325318E+23
 0.18548366E+26 0.59828723E+23
 0.18462673E+26 0.59335944E+23
 0.18377211E+26 0.58846955E+23
 0.18292020E+26 0.58361730E+23
 0.18207101E+26 0.57880243E+23
 0.18122452E+26 0.57402471E+23
 0.18038073E+26 0.56928386E+23
 0.17953969E+26 0.56457965E+23
 0.17870135E+26 0.55991181E+23
 0.17786564E+26 0.55528011E+23
 0.17703273E+26 0.55068429E+23
 0.17620251E+26 0.54612411E+23
 0.17537436E+26 0.54159932E+23
 0.17455024E+26 0.53710968E+23
 0.17372817E+26 0.53265495E+23
 0.17290882E+26 0.52823488E+23
 0.17209216E+26 0.52384924E+23
 0.17127828E+26 0.51949779E+23
 0.17046703E+26 0.51518029E+23
 0.16965853E+26 0.51089650E+23
 0.16885273E+26 0.50664620E+23
 0.16804965E+26 0.50242914E+23
 0.16724925E+26 0.49824509E+23
 0.16645159E+26 0.49409383E+23
 0.16565661E+26 0.48997512E+23
 0.16486436E+26 0.48588874E+23
 0.16407481E+26 0.48183445E+23
 0.16328795E+26 0.47781204E+23
 0.16250380E+26 0.47382127E+23
 0.16172235E+26 0.46986193E+23
 0.16094359E+26 0.46593380E+23
 0.16016755E+26 0.46203664E+23
 0.15939393E+26 0.45817025E+23
 0.15862349E+26 0.45433440E+23
 0.15785547E+26 0.45052887E+23
 0.15709022E+26 0.44675346E+23
 0.15632763E+26 0.44300794E+23
 0.15556771E+26 0.43929211E+23
 0.15481048E+26 0.43560574E+23
 0.15405591E+26 0.43194864E+23
 0.15330404E+26 0.42832058E+23
 0.15255459E+26 0.42472136E+23
 0.15180833E+26 0.42115078E+23
 0.15106448E+26 0.41760862E+23
 0.15032328E+26 0.41409469E+23
 0.14958478E+26 0.41060877E+23
 0.14884871E+26 0.40715067E+23
 0.14811573E+26 0.40372019E+23
 0.14738520E+26 0.40031711E+23
 0.14665733E+26 0.39694126E+23
 0.14593209E+26 0.39359242E+23
 0.14520953E+26 0.39027040E+23
 0.14448959E+26 0.38697500E+23
 0.14377232E+26 0.38370604E+23
 0.14305766E+26 0.38046331E+23
 0.14234567E+26 0.37724663E+23
 0.14163628E+26 0.37405580E+23
 0.14092956E+26 0.37089064E+23
 0.14022543E+26 0.36775096E+23
 0.13952395E+26 0.36463656E+23
 0.13882509E+26 0.36154727E+23
 0.13812883E+26 0.35848289E+23
 0.13743521E+26 0.35544325E+23
 0.13674397E+26 0.35242816E+23
 0.13605555E+26 0.34943743E+23
 0.13536974E+26 0.34647090E+23
 0.13468672E+26 0.34352837E+23
 0.13400590E+26 0.34060968E+23
 0.13332789E+26 0.33771464E+23
 0.13265244E+26 0.33484308E+23
 0.13197959E+26 0.33199482E+23
 0.13130931E+26 0.32916968E+23
 0.13064161E+26 0.32636751E+23
 0.12997648E+26 0.32358811E+23
 0.12931393E+26 0.32083133E+23
 0.12865412E+26 0.31809700E+23
 0.12799649E+26 0.31538494E+23
 0.12734161E+26 0.31269498E+23
 0.12668928E+26 0.31002697E+23
 0.12603950E+26 0.30738073E+23
 0.12539225E+26 0.30475611E+23
 0.12474755E+26 0.30215293E+23
 0.12410539E+26 0.29957105E+23
 0.12346574E+26 0.29701028E+23
 0.12282862E+26 0.29447048E+23
 0.12219403E+26 0.29195149E+23
 0.12156194E+26 0.28945315E+23
 0.12093238E+26 0.28697530E+23
 0.12030532E+26 0.28451778E+23
 0.11968074E+26 0.28208045E+23
 0.11905868E+26 0.27966314E+23
 0.11843910E+26 0.27726570E+23
 0.11782201E+26 0.27488799E+23
 0.11720740E+26 0.27252985E+23
 0.11659528E+26 0.27019113E+23
 0.11598562E+26 0.26787169E+23
 0.11537843E+26 0.26557137E+23
 0.11477370E+26 0.26329002E+23
 0.11417143E+26 0.26102751E+23
 0.11357161E+26 0.25878369E+23
 0.11297425E+26 0.25655841E+23
 0.11237931E+26 0.25435153E+23
 0.11178682E+26 0.25216291E+23
 0.11119676E+26 0.24999241E+23
 0.11060912E+26 0.24783988E+23
 0.11002391E+26 0.24570519E+23
 0.10944112E+26 0.24358820E+23
 0.10886073E+26 0.24148877E+23
 0.10828275E+26 0.23940677E+23
 0.10770717E+26 0.23734206E+23
 0.10713399E+26 0.23529451E+23
 0.10656320E+26 0.23326398E+23
 0.10599479E+26 0.23125034E+23
 0.10542875E+26 0.22925346E+23
 0.10486510E+26 0.22727320E+23
 0.10430380E+26 0.22530945E+23
 0.10374488E+26 0.22336206E+23
 0.10318831E+26 0.22143091E+23
 0.10263408E+26 0.21951587E+23
 0.10208221E+26 0.21761683E+23
 0.10153268E+26 0.21573364E+23
 0.10098548E+26 0.21386619E+23
 0.10044060E+26 0.21201436E+23
 0.99898054E+25 0.21017801E+23
 0.99357823E+25 0.20835703E+23
 0.98819903E+25 0.20655130E+23
 0.98284289E+25 0.20476070E+23
 0.97750975E+25 0.20298510E+23
 0.97219956E+25 0.20122439E+23
 0.96691225E+25 0.19947845E+23
 0.96164777E+25 0.19774717E+23
 0.95640607E+25 0.19603043E+23
 0.95118707E+25 0.19432810E+23
 0.94599073E+25 0.19264009E+23
 0.94081698E+25 0.19096627E+23
 0.93566577E+25 0.18930653E+23
 0.93053703E+25 0.18766076E+23
 0.92543071E+25 0.18602885E+23
 0.92034675E+25 0.18441069E+23
 0.91528508E+25 0.18280617E+23
 0.91024566E+25 0.18121517E+23
 0.90522842E+25 0.17963760E+23
 0.90023329E+25 0.17807334E+23
 0.89526022E+25 0.17652229E+23
 0.89030915E+25 0.17498434E+23
 0.88538002E+25 0.17345939E+23
 0.88047277E+25 0.17194733E+23
 0.87558734E+25 0.17044806E+23
 0.87072366E+25 0.16896148E+23
 0.86588167E+25 0.16748748E+23
 0.86106132E+25 0.16602596E+23
 0.85626255E+25 0.16457683E+23
 0.85148528E+25 0.16313998E+23
 0.84673056E+25 0.16171532E+23
 0.84199613E+25 0.16030274E+23
 0.83728303E+25 0.15890215E+23
 0.83259119E+25 0.15751345E+23
 0.82792056E+25 0.15613655E+23
 0.82327107E+25 0.15477134E+23
 0.81864266E+25 0.15341774E+23
 0.81403527E+25 0.15207566E+23
 0.80944883E+25 0.15074499E+23
 0.80488329E+25 0.14942564E+23
 0.80033859E+25 0.14811753E+23
 0.79581465E+25 0.14682057E+23
 0.79131142E+25 0.14553465E+23
 0.78682884E+25 0.14425970E+23
 0.78236683E+25 0.14299561E+23
 0.77792535E+25 0.14174232E+23
 0.77350433E+25 0.14049971E+23
 0.76910370E+25 0.13926772E+23
 0.76472340E+25 0.13804625E+23
 0.76036337E+25 0.13683522E+23
 0.75602355E+25 0.13563453E+23
 0.75170387E+25 0.13444412E+23
 0.74740427E+25 0.13326388E+23
 0.74312470E+25 0.13209375E+23
 0.73886508E+25 0.13093363E+23
 0.73462534E+25 0.12978344E+23
 0.73040544E+25 0.12864311E+23
 0.72620529E+25 0.12751255E+23
 0.72202486E+25 0.12639168E+23
 0.71786406E+25 0.12528043E+23
 0.71372283E+25 0.12417870E+23
 0.70960112E+25 0.12308644E+23
 0.70549886E+25 0.12200354E+23
 0.70141599E+25 0.12092995E+23
 0.69735244E+25 0.11986558E+23
 0.69330809E+25 0.11881036E+23
 0.68928300E+25 0.11776421E+23
 0.68527704E+25 0.11672705E+23
 0.68129010E+25 0.11569882E+23
 0.67732222E+25 0.11467943E+23
 0.67337329E+25 0.11366882E+23
 0.66944323E+25 0.11266691E+23
 0.66553199E+25 0.11167363E+23
 0.66163951E+25 0.11068891E+23
 0.65776572E+25 0.10971268E+23
 0.65391055E+25 0.10874487E+23
 0.65007395E+25 0.10778540E+23
 0.64625586E+25 0.10683422E+23
 0.64245620E+25 0.10589124E+23
 0.63867491E+25 0.10495640E+23
 0.63491195E+25 0.10402964E+23
 0.63116722E+25 0.10311088E+23
 0.62744069E+25 0.10220006E+23
 0.62373228E+25 0.10129712E+23
 0.62004193E+25 0.10040198E+23
 0.61636958E+25 0.99514590E+22
 0.61271517E+25 0.98634875E+22
 0.60907863E+25 0.97762774E+22
 0.60545989E+25 0.96898223E+22
 0.60185891E+25 0.96041160E+22
 0.59827561E+25 0.95191521E+22
 0.59470993E+25 0.94349245E+22
 0.59116180E+25 0.93514271E+22
 0.58763118E+25 0.92686535E+22
 0.58411799E+25 0.91865980E+22
 0.58062217E+25 0.91052543E+22
 0.57714366E+25 0.90246165E+22
 0.57368240E+25 0.89446788E+22
 0.57023833E+25 0.88654351E+22
 0.56681137E+25 0.87868798E+22
 0.56340148E+25 0.87090070E+22
 0.56000859E+25 0.86318110E+22
 0.55663263E+25 0.85552860E+22
 0.55327355E+25 0.84794265E+22
 0.54993129E+25 0.84042268E+22
 0.54660577E+25 0.83296814E+22
 0.54329694E+25 0.82557848E+22
 0.54000475E+25 0.81825314E+22
 0.53672912E+25 0.81099160E+22
 0.53346999E+25 0.80379329E+22
 0.53022731E+25 0.79665771E+22
 0.52700101E+25 0.78958431E+22
 0.52379104E+25 0.78257256E+22
 0.52059732E+25 0.77562196E+22
 0.51741981E+25 0.76873198E+22
 0.51425843E+25 0.76190210E+22
 0.51111313E+25 0.75513182E+22
 0.50798385E+25 0.74842064E+22
 0.50487053E+25 0.74176805E+22
 0.50177310E+25 0.73517355E+22
 0.49869151E+25 0.72863666E+22
 0.49562569E+25 0.72215689E+22
 0.49257559E+25 0.71573375E+22
 0.48954115E+25 0.70936675E+22
 0.48652230E+25 0.70305543E+22
 0.48351912E+25 0.69679931E+22
 0.48053128E+25 0.69059792E+22
 0.47755885E+25 0.68445079E+22
 0.47460179E+25 0.67835747E+22
 0.47166002E+25 0.67231749E+22
 0.46873348E+25 0.66633040E+22
 0.46582213E+25 0.66039575E+22
 0.46292589E+25 0.65451310E+22
 0.46004472E+25 0.64868200E+22
 0.45717854E+25 0.64290200E+22
 0.45432731E+25 0.63717268E+22
 0.45149096E+25 0.63149361E+22
 0.44866943E+25 0.62586434E+22
 0.44586268E+25 0.62028446E+22
 0.44307062E+25 0.61475355E+22
 0.44029322E+25 0.60927119E+22
 0.43753042E+25 0.60383695E+22
 0.43478214E+25 0.59845044E+22
 0.43204834E+25 0.59311123E+22
 0.42932896E+25 0.58781894E+22
 0.42662394E+25 0.58257314E+22
 0.42393208E+25 0.57737346E+22
 0.42125562E+25 0.57221948E+22
 0.41859334E+25 0.56711082E+22
 0.41594519E+25 0.56204709E+22
 0.41331112E+25 0.55702791E+22
 0.41069106E+25 0.55205289E+22
 0.40808497E+25 0.54712165E+22
 0.40549278E+25 0.54223382E+22
 0.40291443E+25 0.53738902E+22
 0.40034988E+25 0.53258689E+22
 0.39779906E+25 0.52782705E+22
 0.39526192E+25 0.52310915E+22
 0.39273840E+25 0.51843282E+22
 0.39022845E+25 0.51379770E+22
 0.38773201E+25 0.50920344E+22
 0.38524903E+25 0.50464969E+22
 0.38277944E+25 0.50013610E+22
 0.38032320E+25 0.49566233E+22
 0.37788025E+25 0.49122802E+22
 0.37545053E+25 0.48683284E+22
 0.37303400E+25 0.48247645E+22
 0.37063058E+25 0.47815852E+22
 0.36824024E+25 0.47387871E+22
 0.36586291E+25 0.46963670E+22
 0.36349855E+25 0.46543215E+22
 0.36114709E+25 0.46126475E+22
 0.35880848E+25 0.45713418E+22
 0.35648268E+25 0.45304011E+22
 0.35416961E+25 0.44898222E+22
 0.35186924E+25 0.44496022E+22
 0.34958151E+25 0.44097378E+22
 0.34730636E+25 0.43702260E+22
 0.34504374E+25 0.43310637E+22
 0.34279360E+25 0.42922479E+22
 0.34055589E+25 0.42537756E+22
 0.33833055E+25 0.42156439E+22
 0.33611752E+25 0.41778497E+22
 0.33391677E+25 0.41403901E+22
 0.33172822E+25 0.41032622E+22
 0.32955184E+25 0.40664633E+22
 0.32738758E+25 0.40299903E+22
 0.32523536E+25 0.39938404E+22
 0.32309516E+25 0.39580110E+22
 0.32096691E+25 0.39224991E+22
 0.31885056E+25 0.38873020E+22
 0.31674606E+25 0.38524170E+22
 0.31465336E+25 0.38178414E+22
 0.31257242E+25 0.37835725E+22
 0.31050317E+25 0.37496075E+22
 0.30844556E+25 0.37159439E+22
 0.30639956E+25 0.36825791E+22
 0.30436509E+25 0.36495104E+22
 0.30234213E+25 0.36167352E+22
 0.30033061E+25 0.35842511E+22
 0.29833048E+25 0.35520554E+22
 0.29634170E+25 0.35201456E+22
 0.29436421E+25 0.34885193E+22
 0.29239797E+25 0.34571740E+22
 0.29044293E+25 0.34261072E+22
 0.28849903E+25 0.33953165E+22
 0.28656622E+25 0.33647995E+22
 0.28464447E+25 0.33345538E+22
 0.28273371E+25 0.33045770E+22
 0.28083390E+25 0.32748668E+22
 0.27894499E+25 0.32454209E+22
 0.27706694E+25 0.32162369E+22
 0.27519969E+25 0.31873125E+22
 0.27334319E+25 0.31586455E+22
 0.27149740E+25 0.31302336E+22
 0.26966228E+25 0.31020747E+22
 0.26783776E+25 0.30741664E+22
 0.26602380E+25 0.30465066E+22
 0.26422036E+25 0.30190931E+22
 0.26242739E+25 0.29919238E+22
 0.26064485E+25 0.29649965E+22
 0.25887267E+25 0.29383091E+22
 0.25711082E+25 0.29118595E+22
 0.25535925E+25 0.28856455E+22
 0.25361792E+25 0.28596653E+22
 0.25188677E+25 0.28339166E+22
 0.25016576E+25 0.28083975E+22
 0.24845484E+25 0.27831059E+22
 0.24675398E+25 0.27580398E+22
 0.24506311E+25 0.27331974E+22
 0.24338220E+25 0.27085765E+22
 0.24171119E+25 0.26841753E+22
 0.24005005E+25 0.26599919E+22
 0.23839873E+25 0.26360242E+22
 0.23675718E+25 0.26122705E+22
 0.23512536E+25 0.25887288E+22
 0.23350323E+25 0.25653973E+22
 0.23189072E+25 0.25422741E+22
 0.23028782E+25 0.25193574E+22
 0.22869488E+25 0.24966454E+22
 0.22711102E+25 0.24741363E+22
 0.22553662E+25 0.24518282E+22
 0.22397163E+25 0.24297195E+22
 0.22241601E+25 0.24078083E+22
 0.22086972E+25 0.23860930E+22
 0.21933271E+25 0.23645717E+22
 0.21780495E+25 0.23432429E+22
 0.21628637E+25 0.23221047E+22
 0.21477695E+25 0.23011556E+22
 0.21327663E+25 0.22803938E+22
 0.21178538E+25 0.22598177E+22
 0.21030316E+25 0.22394256E+22
 0.20882991E+25 0.22192160E+22
 0.20736559E+25 0.21991872E+22
 0.20591017E+25 0.21793377E+22
 0.20446360E+25 0.21596658E+22
 0.20302584E+25 0.21401699E+22
 0.20159685E+25 0.21208486E+22
 0.20017658E+25 0.21017003E+22
 0.19876499E+25 0.20827234E+22
 0.19736204E+25 0.20639164E+22
 0.19596769E+25 0.20452779E+22
 0.19458189E+25 0.20268063E+22
 0.19320461E+25 0.20085002E+22
 0.19183581E+25 0.19903581E+22
 0.19047543E+25 0.19723786E+22
 0.18912345E+25 0.19545602E+22
 0.18777982E+25 0.19369015E+22
 0.18644443E+25 0.19194010E+22
 0.18511737E+25 0.19020575E+22
 0.18379855E+25 0.18848694E+22
 0.18248791E+25 0.18678354E+22
 0.18118542E+25 0.18509542E+22
 0.17989104E+25 0.18342244E+22
 0.17860473E+25 0.18176446E+22
 0.17732644E+25 0.18012136E+22
 0.17605614E+25 0.17849300E+22
 0.17479378E+25 0.17687925E+22
 0.17353934E+25 0.17527997E+22
 0.17229276E+25 0.17369505E+22
 0.17105402E+25 0.17212436E+22
 0.16982306E+25 0.17056776E+22
 0.16859986E+25 0.16902514E+22
 0.16738436E+25 0.16749637E+22
 0.16617654E+25 0.16598132E+22
 0.16497636E+25 0.16447988E+22
 0.16378377E+25 0.16299192E+22
 0.16259874E+25 0.16151733E+22
 0.16142123E+25 0.16005598E+22
 0.16025120E+25 0.15860776E+22
 0.15908861E+25 0.15717255E+22
 0.15793343E+25 0.15575024E+22
 0.15678562E+25 0.15434071E+22
 0.15564514E+25 0.15294385E+22
 0.15451195E+25 0.15155954E+22
 0.15338602E+25 0.15018768E+22
 0.15226730E+25 0.14882814E+22
 0.15115576E+25 0.14748084E+22
 0.15005137E+25 0.14614564E+22
 0.14895409E+25 0.14482246E+22
 0.14786387E+25 0.14351117E+22
 0.14678069E+25 0.14221167E+22
 0.14570450E+25 0.14092387E+22
 0.14463528E+25 0.13964765E+22
 0.14357298E+25 0.13838291E+22
 0.14251757E+25 0.13712956E+22
 0.14146901E+25 0.13588748E+22
 0.14042727E+25 0.13465657E+22
 0.13939230E+25 0.13343675E+22
 0.13836409E+25 0.13222791E+22
 0.13734258E+25 0.13102994E+22
 0.13632774E+25 0.12984277E+22
 0.13531954E+25 0.12866628E+22
 0.13431795E+25 0.12750038E+22
 0.13332292E+25 0.12634498E+22
 0.13233443E+25 0.12519999E+22
 0.13135244E+25 0.12406531E+22
 0.13037691E+25 0.12294086E+22
 0.12940781E+25 0.12182653E+22
 0.12844510E+25 0.12072224E+22
 0.12748876E+25 0.11962789E+22
 0.12653874E+25 0.11854341E+22
 0.12559501E+25 0.11746871E+22
 0.12465754E+25 0.11640368E+22
 0.12372629E+25 0.11534826E+22
 0.12280124E+25 0.11430235E+22
 0.12188234E+25 0.11326587E+22
 0.12096962E+25 0.11223873E+22
 0.12006293E+25 0.11122085E+22
 0.11916231E+25 0.11021215E+22
 0.11826770E+25 0.10921255E+22
 0.11737909E+25 0.10822196E+22
 0.11649644E+25 0.10724030E+22
 0.11561971E+25 0.10626750E+22
 0.11474887E+25 0.10530347E+22
 0.11388390E+25 0.10434814E+22
 0.11302475E+25 0.10340143E+22
 0.11217140E+25 0.10246326E+22
 0.11132381E+25 0.10153356E+22
 0.11048195E+25 0.10061224E+22
 0.10964579E+25 0.99699240E+21
 0.10881530E+25 0.98794480E+21
 0.10799045E+25 0.97897885E+21
 0.10717119E+25 0.97009384E+21
 0.10635752E+25 0.96128904E+21
 0.10554938E+25 0.95256372E+21
 0.10474675E+25 0.94391719E+21
 0.10394961E+25 0.93534872E+21
 0.10315791E+25 0.92685764E+21
 0.10237163E+25 0.91844323E+21
 0.10159069E+25 0.91010481E+21
 0.10081516E+25 0.90184171E+21
 0.10004495E+25 0.89365325E+21
 0.99280030E+24 0.88553876E+21
 0.98520378E+24 0.87749757E+21
 0.97765962E+24 0.86952904E+21
 0.97016751E+24 0.86163250E+21
 0.96272714E+24 0.85380731E+21
 0.95533823E+24 0.84605284E+21
 0.94800047E+24 0.83836845E+21
 0.94071357E+24 0.83075351E+21
 0.93347724E+24 0.82320739E+21
 0.92629118E+24 0.81572949E+21
 0.91915511E+24 0.80831919E+21
 0.91206872E+24 0.80097588E+21
 0.90503174E+24 0.79369896E+21
 0.89804387E+24 0.78648783E+21
 0.89110481E+24 0.77934191E+21
 0.88421430E+24 0.77226061E+21
 0.87737204E+24 0.76524335E+21
 0.87057775E+24 0.75828956E+21
 0.86383114E+24 0.75139866E+21
 0.85713194E+24 0.74457009E+21
 0.85047987E+24 0.73780329E+21
 0.84387464E+24 0.73109771E+21
 0.83731598E+24 0.72445279E+21
 0.83080361E+24 0.71786800E+21
 0.82433725E+24 0.71134278E+21
 0.81791663E+24 0.70487661E+21
 0.81154148E+24 0.69846896E+21
 0.80521153E+24 0.69211929E+21
 0.79892650E+24 0.68582710E+21
 0.79268612E+24 0.67959185E+21
 0.78649013E+24 0.67341304E+21
 0.78033825E+24 0.66729017E+21
 0.77423023E+24 0.66122273E+21
 0.76816579E+24 0.65521021E+21
 0.76214467E+24 0.64925214E+21
 0.75616661E+24 0.64334801E+21
 0.75023134E+24 0.63749734E+21
 0.74433861E+24 0.63169966E+21
 0.73848815E+24 0.62595448E+21
 0.73267972E+24 0.62026133E+21
 0.72691304E+24 0.61461974E+21
 0.72118786E+24 0.60902926E+21
 0.71550393E+24 0.60348941E+21
 0.70986100E+24 0.59799976E+21
 0.70425881E+24 0.59255983E+21
 0.69869710E+24 0.58716919E+21
 0.69317564E+24 0.58182739E+21
 0.68769416E+24 0.57653399E+21
 0.68225243E+24 0.57128855E+21
 0.67685019E+24 0.56609065E+21
 0.67148719E+24 0.56093986E+21
 0.66616320E+24 0.55583575E+21
 0.66087704E+24 0.55077790E+21
 0.65563033E+24 0.54576589E+21
 0.65042190E+24 0.54079932E+21
 0.64525149E+24 0.53587776E+21
 0.64011888E+24 0.53100083E+21
 0.63502383E+24 0.52616810E+21
 0.62996609E+24 0.52137919E+21
 0.62494544E+24 0.51663371E+21
 0.61996163E+24 0.51193125E+21
 0.61501444E+24 0.50727144E+21
 0.61010363E+24 0.50265388E+21
 0.60522896E+24 0.49807820E+21
 0.60039022E+24 0.49354401E+21
 0.59558716E+24 0.48905095E+21
 0.59081956E+24 0.48459865E+21
 0.58608720E+24 0.48018673E+21
 0.58138984E+24 0.47581483E+21
 0.57672726E+24 0.47148259E+21
 0.57209924E+24 0.46718966E+21
 0.56750556E+24 0.46293567E+21
 0.56294599E+24 0.45872028E+21
 0.55842031E+24 0.45454314E+21
 0.55392830E+24 0.45040390E+21
 0.54946974E+24 0.44630223E+21
 0.54504442E+24 0.44223777E+21
 0.54065212E+24 0.43821020E+21
 0.53629262E+24 0.43421919E+21
 0.53196572E+24 0.43026440E+21
 0.52767118E+24 0.42634551E+21
 0.52340882E+24 0.42246218E+21
 0.51917840E+24 0.41861411E+21
 0.51497973E+24 0.41480098E+21
 0.51081259E+24 0.41102246E+21
 0.50667677E+24 0.40727824E+21
 0.50257208E+24 0.40356802E+21
 0.49849829E+24 0.39989149E+21
 0.49445522E+24 0.39624834E+21
 0.49044264E+24 0.39263827E+21
 0.48646037E+24 0.38906099E+21
 0.48250820E+24 0.38551619E+21
 0.47858593E+24 0.38200358E+21
 0.47469336E+24 0.37852288E+21
 0.47083028E+24 0.37507379E+21
 0.46699651E+24 0.37165603E+21
 0.46319185E+24 0.36826932E+21
 0.45941610E+24 0.36491337E+21
 0.45566906E+24 0.36158790E+21
 0.45195055E+24 0.35829265E+21
 0.44826037E+24 0.35502733E+21
 0.44459832E+24 0.35179168E+21
 0.44096423E+24 0.34858543E+21
 0.43735789E+24 0.34540832E+21
 0.43377913E+24 0.34226007E+21
 0.43022775E+24 0.33914043E+21
 0.42670356E+24 0.33604914E+21
 0.42320639E+24 0.33298594E+21
 0.41973605E+24 0.32995058E+21
 0.41629235E+24 0.32694281E+21
 0.41287511E+24 0.32396238E+21
 0.40948415E+24 0.32100904E+21
 0.40611929E+24 0.31808254E+21
 0.40278036E+24 0.31518264E+21
 0.39946716E+24 0.31230911E+21
 0.39617953E+24 0.30946169E+21
 0.39291729E+24 0.30664017E+21
 0.38968026E+24 0.30384429E+21
 0.38646827E+24 0.30107384E+21
 0.38328114E+24 0.29832858E+21
 0.38011871E+24 0.29560827E+21
 0.37698080E+24 0.29291271E+21
 0.37386723E+24 0.29024165E+21
 0.37077785E+24 0.28759489E+21
 0.36771248E+24 0.28497219E+21
 0.36467095E+24 0.28237335E+21
 0.36165310E+24 0.27979814E+21
 0.35865877E+24 0.27724636E+21
 0.35568777E+24 0.27471778E+21
 0.35273996E+24 0.27221221E+21
 0.34981517E+24 0.26972942E+21
 0.34691324E+24 0.26726922E+21
 0.34403400E+24 0.26483140E+21
 0.34117730E+24 0.26241576E+21
 0.33834298E+24 0.26002209E+21
 0.33553087E+24 0.25765021E+21
 0.33274082E+24 0.25529990E+21
 0.32997268E+24 0.25297097E+21
 0.32722628E+24 0.25066324E+21
 0.32450148E+24 0.24837650E+21
 0.32179812E+24 0.24611057E+21
 0.31911604E+24 0.24386527E+21
 0.31645510E+24 0.24164039E+21
 0.31381515E+24 0.23943576E+21
 0.31119602E+24 0.23725120E+21
 0.30859758E+24 0.23508652E+21
 0.30601968E+24 0.23294154E+21
 0.30346217E+24 0.23081608E+21
 0.30092489E+24 0.22870997E+21
 0.29840777E+24 0.22662303E+21
 0.29591054E+24 0.22455509E+21
 0.29343312E+24 0.22250597E+21
 0.29097536E+24 0.22047551E+21
 0.28853712E+24 0.21846353E+21
 0.28611826E+24 0.21646986E+21
 0.28371864E+24 0.21449435E+21
 0.28133812E+24 0.21253683E+21
 0.27897656E+24 0.21059712E+21
 0.27663382E+24 0.20867508E+21
 0.27430977E+24 0.20677054E+21
 0.27200427E+24 0.20488334E+21
 0.26971718E+24 0.20301333E+21
 0.26744836E+24 0.20116034E+21
 0.26519770E+24 0.19932423E+21
 0.26296504E+24 0.19750484E+21
 0.26075026E+24 0.19570203E+21
 0.25855229E+24 0.19391563E+21
 0.25637289E+24 0.19214550E+21
 0.25421097E+24 0.19039149E+21
 0.25206641E+24 0.18865346E+21
 0.24993909E+24 0.18693126E+21
 0.24782977E+24 0.18522474E+21
 0.24573651E+24 0.18353378E+21
 0.24366011E+24 0.18185821E+21
 0.24160043E+24 0.18019791E+21
 0.23955736E+24 0.17855274E+21
 0.23753076E+24 0.17692255E+21
 0.23552052E+24 0.17530722E+21
 0.23352652E+24 0.17370660E+21
 0.23154862E+24 0.17212057E+21
 0.22958672E+24 0.17054898E+21
 0.22764070E+24 0.16899172E+21
 0.22571043E+24 0.16744865E+21
 0.22379579E+24 0.16591964E+21
 0.22189668E+24 0.16440456E+21
 0.22001297E+24 0.16290328E+21
 0.21814455E+24 0.16141569E+21
 0.21629130E+24 0.15994166E+21
 0.21445311E+24 0.15848105E+21
 0.21262987E+24 0.15703376E+21
 0.21082146E+24 0.15559967E+21
 0.20902776E+24 0.15417864E+21
 0.20724868E+24 0.15277056E+21
 0.20548410E+24 0.15137532E+21
 0.20373391E+24 0.14999279E+21
 0.20199800E+24 0.14862287E+21
 0.20027626E+24 0.14726544E+21
 0.19856858E+24 0.14592037E+21
 0.19687487E+24 0.14458758E+21
 0.19519500E+24 0.14326693E+21
 0.19352888E+24 0.14195832E+21
 0.19187641E+24 0.14066164E+21
 0.19023746E+24 0.13937678E+21
 0.18861196E+24 0.13810364E+21
 0.18699978E+24 0.13684211E+21
 0.18540084E+24 0.13559207E+21
 0.18381502E+24 0.13435344E+21
 0.18224223E+24 0.13312610E+21
 0.18068237E+24 0.13190995E+21
 0.17913534E+24 0.13070489E+21
 0.17760103E+24 0.12951082E+21
 0.17607936E+24 0.12832764E+21
 0.17457022E+24 0.12715525E+21
 0.17307352E+24 0.12599355E+21
 0.17158916E+24 0.12484244E+21
 0.17011705E+24 0.12370183E+21
 0.16865710E+24 0.12257163E+21
 0.16720920E+24 0.12145173E+21
 0.16577326E+24 0.12034205E+21
 0.16434920E+24 0.11924249E+21
 0.16293692E+24 0.11815296E+21
 0.16153632E+24 0.11707336E+21
 0.16014733E+24 0.11600362E+21
 0.15876984E+24 0.11494363E+21
 0.15740377E+24 0.11389331E+21
 0.15604903E+24 0.11285257E+21
 0.15470553E+24 0.11182133E+21
 0.15337318E+24 0.11079949E+21
 0.15205190E+24 0.10978698E+21
 0.15074160E+24 0.10878370E+21
 0.14944220E+24 0.10778958E+21
 0.14815360E+24 0.10680453E+21
 0.14687573E+24 0.10582846E+21
 0.14560850E+24 0.10486130E+21
 0.14435182E+24 0.10390297E+21
 0.14310562E+24 0.10295338E+21
 0.14186981E+24 0.10201245E+21
 0.14064430E+24 0.10108011E+21
 0.13942903E+24 0.10015628E+21
 0.13822391E+24 0.99240873E+20
 0.13702885E+24 0.98333823E+20
 0.13584378E+24 0.97435051E+20
 0.13466862E+24 0.96544481E+20
 0.13350329E+24 0.95662038E+20
 0.13234772E+24 0.94787648E+20
 0.13120182E+24 0.93921239E+20
 0.13006552E+24 0.93062737E+20
 0.12893875E+24 0.92212070E+20
 0.12782142E+24 0.91369167E+20
 0.12671347E+24 0.90533958E+20
 0.12561482E+24 0.89706371E+20
 0.12452539E+24 0.88886339E+20
 0.12344511E+24 0.88073792E+20
 0.12237391E+24 0.87268661E+20
 0.12131172E+24 0.86470880E+20
 0.12025846E+24 0.85680382E+20
 0.11921406E+24 0.84897099E+20
 0.11817846E+24 0.84120967E+20
 0.11715158E+24 0.83351920E+20
 0.11613335E+24 0.82589893E+20
 0.11512370E+24 0.81834823E+20
 0.11412257E+24 0.81086647E+20
 0.11312988E+24 0.80345301E+20
 0.11214558E+24 0.79610724E+20
 0.11116958E+24 0.78882853E+20
 0.11020183E+24 0.78161628E+20
 0.10924225E+24 0.77446988E+20
 0.10829079E+24 0.76738872E+20
 0.10734738E+24 0.76037223E+20
 0.10641195E+24 0.75341980E+20
 0.10548443E+24 0.74653085E+20
 0.10456477E+24 0.73970481E+20
 0.10365290E+24 0.73294110E+20
 0.10274876E+24 0.72623915E+20
 0.10185229E+24 0.71959840E+20
 0.10096341E+24 0.71301830E+20
 0.10008208E+24 0.70649828E+20
 0.99208231E+23 0.70003781E+20
 0.98341801E+23 0.69363633E+20
 0.97482732E+23 0.68729332E+20
 0.96630962E+23 0.68100824E+20
 0.95786434E+23 0.67478055E+20
 0.94949088E+23 0.66860975E+20
 0.94118866E+23 0.66249530E+20
 0.93295710E+23 0.65643670E+20
 0.92479562E+23 0.65043344E+20
 0.91670366E+23 0.64448501E+20
 0.90868065E+23 0.63859091E+20
 0.90072602E+23 0.63275065E+20
 0.89283922E+23 0.62696373E+20
 0.88501970E+23 0.62122968E+20
 0.87726690E+23 0.61554800E+20
 0.86958028E+23 0.60991822E+20
 0.86195930E+23 0.60433987E+20
 0.85440342E+23 0.59881247E+20
 0.84691211E+23 0.59333557E+20
 0.83948483E+23 0.58790871E+20
 0.83212107E+23 0.58253142E+20
 0.82482031E+23 0.57720325E+20
 0.81758202E+23 0.57192376E+20
 0.81040570E+23 0.56669250E+20
 0.80329083E+23 0.56150904E+20
 0.79623691E+23 0.55637293E+20
 0.78924343E+23 0.55128375E+20
 0.78230991E+23 0.54624107E+20
 0.77543585E+23 0.54124446E+20
 0.76862075E+23 0.53629350E+20
 0.76186413E+23 0.53138778E+20
 0.75516551E+23 0.52652688E+20
 0.74852441E+23 0.52171040E+20
 0.74194035E+23 0.51693793E+20
 0.73541287E+23 0.51220907E+20
 0.72894150E+23 0.50752341E+20
 0.72252576E+23 0.50288058E+20
 0.71616521E+23 0.49828017E+20
 0.70985938E+23 0.49372179E+20
 0.70360782E+23 0.48920508E+20
 0.69741009E+23 0.48472964E+20
 0.69126573E+23 0.48029509E+20
 0.68517430E+23 0.47590108E+20
 0.67913536E+23 0.47154722E+20
 0.67314847E+23 0.46723315E+20
 0.66721322E+23 0.46295850E+20
 0.66132915E+23 0.45872292E+20
 0.65549586E+23 0.45452606E+20
 0.64971291E+23 0.45036754E+20
 0.64397989E+23 0.44624704E+20
 0.63829638E+23 0.44216420E+20
 0.63266197E+23 0.43811867E+20
 0.62707624E+23 0.43411012E+20
 0.62153880E+23 0.43013821E+20
 0.61604924E+23 0.42620260E+20
 0.61060848E+23 0.42230296E+20
 0.60521347E+23 0.41843897E+20
 0.59986515E+23 0.41461030E+20
 0.59456312E+23 0.41081663E+20
 0.58930701E+23 0.40705763E+20
 0.58409643E+23 0.40333299E+20
 0.57893098E+23 0.39964241E+20
 0.57381031E+23 0.39598555E+20
 0.56873403E+23 0.39236213E+20
 0.56370177E+23 0.38877183E+20
 0.55871315E+23 0.38521435E+20
 0.55376782E+23 0.38168940E+20
 0.54886541E+23 0.37819666E+20
 0.54400556E+23 0.37473586E+20
 0.53918791E+23 0.37130670E+20
 0.53441211E+23 0.36790889E+20
 0.52967780E+23 0.36454214E+20
 0.52498463E+23 0.36120617E+20
 0.52033227E+23 0.35790070E+20
 0.51572036E+23 0.35462545E+20
 0.51114856E+23 0.35138015E+20
 0.50661653E+23 0.34816452E+20
 0.50212395E+23 0.34497829E+20
 0.49767047E+23 0.34182119E+20
 0.49325577E+23 0.33869296E+20
 0.48887952E+23 0.33559333E+20
 0.48454139E+23 0.33252205E+20
 0.48024104E+23 0.32947884E+20
 0.47597818E+23 0.32646346E+20
 0.47175250E+23 0.32347566E+20
 0.46756366E+23 0.32051517E+20
 0.46341137E+23 0.31758176E+20
 0.45929531E+23 0.31467517E+20
 0.45521516E+23 0.31179516E+20
 0.45117063E+23 0.30894148E+20
 0.44716142E+23 0.30611390E+20
 0.44318722E+23 0.30331218E+20
 0.43924774E+23 0.30053608E+20
 0.43534268E+23 0.29778536E+20
 0.43147175E+23 0.29505980E+20
 0.42763466E+23 0.29235917E+20
 0.42383112E+23 0.28968323E+20
 0.42006085E+23 0.28703177E+20
 0.41632356E+23 0.28440455E+20
 0.41261897E+23 0.28180136E+20
 0.40894681E+23 0.27922198E+20
 0.40530679E+23 0.27666619E+20
 0.40169865E+23 0.27413378E+20
 0.39812211E+23 0.27162452E+20
 0.39457690E+23 0.26913822E+20
 0.39106276E+23 0.26667466E+20
 0.38757942E+23 0.26423362E+20
 0.38412661E+23 0.26181492E+20
 0.38070409E+23 0.25941834E+20
 0.37731157E+23 0.25704367E+20
 0.37394882E+23 0.25469073E+20
 0.37061557E+23 0.25235931E+20
 0.36731158E+23 0.25004922E+20
 0.36403659E+23 0.24776025E+20
 0.36079036E+23 0.24549222E+20
 0.35757263E+23 0.24324494E+20
 0.35438317E+23 0.24101822E+20
 0.35122173E+23 0.23881186E+20
 0.34808807E+23 0.23662569E+20
 0.34498196E+23 0.23445951E+20
 0.34190315E+23 0.23231315E+20
 0.33885142E+23 0.23018642E+20
 0.33582652E+23 0.22807915E+20
 0.33282824E+23 0.22599116E+20
 0.32985634E+23 0.22392226E+20
 0.32691059E+23 0.22187229E+20
 0.32399077E+23 0.21984108E+20
 0.32109666E+23 0.21782845E+20
 0.31822803E+23 0.21583423E+20
 0.31538467E+23 0.21385825E+20
 0.31256636E+23 0.21190036E+20
 0.30977289E+23 0.20996037E+20
 0.30700403E+23 0.20803813E+20
 0.30425958E+23 0.20613348E+20
 0.30153932E+23 0.20424626E+20
 0.29884306E+23 0.20237630E+20
 0.29617057E+23 0.20052344E+20
 0.29352166E+23 0.19868754E+20
 0.29089612E+23 0.19686844E+20
 0.28829376E+23 0.19506598E+20
 0.28571436E+23 0.19328002E+20
 0.28315774E+23 0.19151039E+20
 0.28062369E+23 0.18975696E+20
 0.27811202E+23 0.18801956E+20
 0.27562254E+23 0.18629807E+20
 0.27315506E+23 0.18459233E+20
 0.27070938E+23 0.18290219E+20
 0.26828531E+23 0.18122752E+20
 0.26588267E+23 0.17956817E+20
 0.26350128E+23 0.17792401E+20
 0.26114095E+23 0.17629489E+20
 0.25880149E+23 0.17468067E+20
 0.25648273E+23 0.17308123E+20
 0.25418448E+23 0.17149643E+20
 0.25190657E+23 0.16992612E+20
 0.24964883E+23 0.16837019E+20
 0.24741107E+23 0.16682849E+20
 0.24519313E+23 0.16530090E+20
 0.24299482E+23 0.16378729E+20
 0.24081599E+23 0.16228753E+20
 0.23865646E+23 0.16080150E+20
 0.23651607E+23 0.15932906E+20
 0.23439464E+23 0.15787010E+20
 0.23229202E+23 0.15642449E+20
 0.23020803E+23 0.15499211E+20
 0.22814252E+23 0.15357284E+20
 0.22609533E+23 0.15216655E+20
 0.22406630E+23 0.15077314E+20
 0.22205526E+23 0.14939248E+20
 0.22006207E+23 0.14802445E+20
 0.21808656E+23 0.14666895E+20
 0.21612859E+23 0.14532585E+20
 0.21418800E+23 0.14399504E+20
 0.21226463E+23 0.14267641E+20
 0.21035835E+23 0.14136985E+20
 0.20846899E+23 0.14007525E+20
 0.20659642E+23 0.13879249E+20
 0.20474048E+23 0.13752148E+20
 0.20290103E+23 0.13626210E+20
 0.20107793E+23 0.13501424E+20
 0.19927103E+23 0.13377781E+20
 0.19748019E+23 0.13255269E+20
 0.19570527E+23 0.13133879E+20
 0.19394614E+23 0.13013600E+20
 0.19220265E+23 0.12894421E+20
 0.19047466E+23 0.12776334E+20
 0.18876205E+23 0.12659327E+20
 0.18706468E+23 0.12543391E+20
 0.18538241E+23 0.12428517E+20
 0.18371511E+23 0.12314694E+20
 0.18206266E+23 0.12201913E+20
 0.18042491E+23 0.12090164E+20
 0.17880175E+23 0.11979438E+20
 0.17719304E+23 0.11869725E+20
 0.17559866E+23 0.11761017E+20
 0.17401849E+23 0.11653304E+20
 0.17245239E+23 0.11546577E+20
 0.17090024E+23 0.11440827E+20
 0.16936193E+23 0.11336044E+20
 0.16783732E+23 0.11232221E+20
 0.16632631E+23 0.11129349E+20
 0.16482877E+23 0.11027418E+20
 0.16334458E+23 0.10926420E+20
 0.16187362E+23 0.10826347E+20
 0.16041579E+23 0.10727190E+20
 0.15897096E+23 0.10628940E+20
 0.15753902E+23 0.10531590E+20
 0.15611985E+23 0.10435131E+20
 0.15471335E+23 0.10339555E+20
 0.15331941E+23 0.10244854E+20
 0.15193790E+23 0.10151020E+20
 0.15056873E+23 0.10058046E+20
 0.14921178E+23 0.99659217E+19
 0.14786695E+23 0.98746413E+19
 0.14653413E+23 0.97841966E+19
 0.14521322E+23 0.96945799E+19
 0.14390410E+23 0.96057836E+19
 0.14260669E+23 0.95178002E+19
 0.14132086E+23 0.94306224E+19
 0.14004652E+23 0.93442426E+19
 0.13878358E+23 0.92586537E+19
 0.13753192E+23 0.91738484E+19
 0.13629146E+23 0.90898195E+19
 0.13506208E+23 0.90065600E+19
 0.13384370E+23 0.89240627E+19
 0.13263621E+23 0.88423207E+19
 0.13143953E+23 0.87613271E+19
 0.13025355E+23 0.86810750E+19
 0.12907817E+23 0.86015577E+19
 0.12791332E+23 0.85227685E+19
 0.12675889E+23 0.84447006E+19
 0.12561479E+23 0.83673475E+19
 0.12448093E+23 0.82907027E+19
 0.12335723E+23 0.82147596E+19
 0.12224358E+23 0.81395118E+19
 0.12113990E+23 0.80649530E+19
 0.12004611E+23 0.79910769E+19
 0.11896212E+23 0.79178772E+19
 0.11788783E+23 0.78453478E+19
 0.11682317E+23 0.77734824E+19
 0.11576804E+23 0.77022751E+19
 0.11472237E+23 0.76317197E+19
 0.11368607E+23 0.75618104E+19
 0.11265906E+23 0.74925413E+19
 0.11164125E+23 0.74239064E+19
 0.11063257E+23 0.73559000E+19
 0.10963292E+23 0.72885162E+19
 0.10864225E+23 0.72217495E+19
 0.10766045E+23 0.71555942E+19
 0.10668746E+23 0.70900446E+19
 0.10572320E+23 0.70250953E+19
 0.10476759E+23 0.69607407E+19
 0.10382054E+23 0.68969754E+19
 0.10288200E+23 0.68337940E+19
 0.10195188E+23 0.67711911E+19
 0.10103010E+23 0.67091615E+19
 0.10011660E+23 0.66477000E+19
 0.99211294E+22 0.65868012E+19
 0.98314117E+22 0.65264602E+19
 0.97424994E+22 0.64666716E+19
 0.96543854E+22 0.64074306E+19
 0.95670627E+22 0.63487321E+19
 0.94805241E+22 0.62905711E+19
 0.93947627E+22 0.62329428E+19
 0.93097716E+22 0.61758421E+19
 0.92255441E+22 0.61192644E+19
 0.91420732E+22 0.60632048E+19
 0.90593523E+22 0.60076586E+19
 0.89773747E+22 0.59526210E+19
 0.88961338E+22 0.58980875E+19
 0.88156230E+22 0.58440534E+19
 0.87358359E+22 0.57905141E+19
 0.86567660E+22 0.57374651E+19
 0.85784070E+22 0.56849020E+19
 0.85007525E+22 0.56328202E+19
 0.84237962E+22 0.55812154E+19
 0.83475320E+22 0.55300832E+19
 0.82719537E+22 0.54794193E+19
 0.81970551E+22 0.54292194E+19
 0.81228303E+22 0.53794792E+19
 0.80492732E+22 0.53301946E+19
 0.79763779E+22 0.52813613E+19
 0.79041384E+22 0.52329753E+19
 0.78325490E+22 0.51850324E+19
 0.77616039E+22 0.51375286E+19
 0.76912973E+22 0.50904599E+19
 0.76216235E+22 0.50438222E+19
 0.75525769E+22 0.49976117E+19
 0.74841519E+22 0.49518244E+19
 0.74163429E+22 0.49064565E+19
 0.73491446E+22 0.48615041E+19
 0.72825513E+22 0.48169634E+19
 0.72165577E+22 0.47728306E+19
 0.71511586E+22 0.47291020E+19
 0.70863484E+22 0.46857740E+19
 0.70221221E+22 0.46428428E+19
 0.69584745E+22 0.46003048E+19
 0.68954002E+22 0.45581564E+19
 0.68328943E+22 0.45163940E+19
 0.67709516E+22 0.44750142E+19
 0.67095671E+22 0.44340133E+19
 0.66487359E+22 0.43933880E+19
 0.65884530E+22 0.43531348E+19
 0.65287135E+22 0.43132503E+19
 0.64695125E+22 0.42737311E+19
 0.64108452E+22 0.42345739E+19
 0.63527069E+22 0.41957753E+19
 0.62950929E+22 0.41573321E+19
 0.62379984E+22 0.41192410E+19
 0.61814188E+22 0.40814989E+19
 0.61253495E+22 0.40441024E+19
 0.60697860E+22 0.40070485E+19
 0.60147237E+22 0.39703339E+19
 0.59601581E+22 0.39339557E+19
 0.59060848E+22 0.38979107E+19
 0.58524994E+22 0.38621958E+19
 0.57993975E+22 0.38268081E+19
 0.57467749E+22 0.37917445E+19
 0.56946271E+22 0.37570022E+19
 0.56429500E+22 0.37225780E+19
 0.55917394E+22 0.36884692E+19
 0.55409911E+22 0.36546728E+19
 0.54907008E+22 0.36211860E+19
 0.54408646E+22 0.35880059E+19
 0.53914784E+22 0.35551298E+19
 0.53425381E+22 0.35225548E+19
 0.52940398E+22 0.34902782E+19
 0.52459795E+22 0.34582973E+19
 0.51983532E+22 0.34266093E+19
 0.51511571E+22 0.33952116E+19
 0.51043873E+22 0.33641015E+19
 0.50580400E+22 0.33332764E+19
 0.50121114E+22 0.33027336E+19
 0.49665978E+22 0.32724707E+19
 0.49214954E+22 0.32424849E+19
 0.48768006E+22 0.32127739E+19
 0.48325096E+22 0.31833350E+19
 0.47886190E+22 0.31541658E+19
 0.47451250E+22 0.31252638E+19
 0.47020242E+22 0.30966266E+19
 0.46593129E+22 0.30682517E+19
 0.46169878E+22 0.30401367E+19
 0.45750453E+22 0.30122793E+19
 0.45334820E+22 0.29846771E+19
 0.44922945E+22 0.29573278E+19
 0.44514794E+22 0.29302290E+19
 0.44110334E+22 0.29033784E+19
 0.43709532E+22 0.28767738E+19
 0.43312355E+22 0.28504130E+19
 0.42918771E+22 0.28242936E+19
 0.42528746E+22 0.27984135E+19
 0.42142249E+22 0.27727705E+19
 0.41759249E+22 0.27473624E+19
 0.41379714E+22 0.27221871E+19
 0.41003613E+22 0.26972424E+19
 0.40630915E+22 0.26725263E+19
 0.40261590E+22 0.26480366E+19
 0.39895606E+22 0.26237712E+19
 0.39532935E+22 0.25997281E+19
 0.39173546E+22 0.25759053E+19
 0.38817410E+22 0.25523008E+19
 0.38464497E+22 0.25289125E+19
 0.38114779E+22 0.25057384E+19
 0.37768227E+22 0.24827767E+19
 0.37424813E+22 0.24600253E+19
 0.37084507E+22 0.24374824E+19
 0.36747283E+22 0.24151460E+19
 0.36413113E+22 0.23930143E+19
 0.36081968E+22 0.23710853E+19
 0.35753822E+22 0.23493572E+19
 0.35428649E+22 0.23278281E+19
 0.35106420E+22 0.23064963E+19
 0.34787110E+22 0.22853600E+19
 0.34470692E+22 0.22644173E+19
 0.34157141E+22 0.22436664E+19
 0.33846430E+22 0.22231057E+19
 0.33538534E+22 0.22027334E+19
 0.33233428E+22 0.21825477E+19
 0.32931086E+22 0.21625469E+19
 0.32631484E+22 0.21427294E+19
 0.32334596E+22 0.21230935E+19
 0.32040400E+22 0.21036374E+19
 0.31748869E+22 0.20843596E+19
 0.31459980E+22 0.20652585E+19
 0.31173710E+22 0.20463323E+19
 0.30890035E+22 0.20275796E+19
 0.30608932E+22 0.20089986E+19
 0.30330376E+22 0.19905879E+19
 0.30054346E+22 0.19723459E+19
 0.29780818E+22 0.19542710E+19
 0.29509771E+22 0.19363617E+19
 0.29241181E+22 0.19186166E+19
 0.28975026E+22 0.19010340E+19
 0.28711285E+22 0.18836124E+19
 0.28449936E+22 0.18663506E+19
 0.28190957E+22 0.18492468E+19
 0.27934327E+22 0.18322998E+19
 0.27680024E+22 0.18155081E+19
 0.27428029E+22 0.17988702E+19
 0.27178319E+22 0.17823848E+19
 0.26930874E+22 0.17660504E+19
 0.26685674E+22 0.17498656E+19
 0.26442698E+22 0.17338292E+19
 0.26201927E+22 0.17179397E+19
 0.25963341E+22 0.17021958E+19
 0.25726919E+22 0.16865961E+19
 0.25492643E+22 0.16711394E+19
 0.25260493E+22 0.16558243E+19
 0.25030449E+22 0.16406495E+19
 0.24802494E+22 0.16256138E+19
 0.24576607E+22 0.16107159E+19
 0.24352770E+22 0.15959544E+19
 0.24130965E+22 0.15813282E+19
 0.23911174E+22 0.15668360E+19
 0.23693377E+22 0.15524766E+19
 0.23477558E+22 0.15382488E+19
 0.23263698E+22 0.15241514E+19
 0.23051780E+22 0.15101831E+19
 0.22841786E+22 0.14963428E+19
 0.22633699E+22 0.14826293E+19
 0.22427501E+22 0.14690415E+19
 0.22223175E+22 0.14555782E+19
 0.22020705E+22 0.14422383E+19
 0.21820074E+22 0.14290205E+19
 0.21621264E+22 0.14159239E+19
 0.21424261E+22 0.14029474E+19
 0.21229047E+22 0.13900897E+19
 0.21035605E+22 0.13773498E+19
 0.20843921E+22 0.13647267E+19
 0.20653979E+22 0.13522192E+19
 0.20465761E+22 0.13398264E+19
 0.20279254E+22 0.13275471E+19
 0.20094441E+22 0.13153803E+19
 0.19911307E+22 0.13033250E+19
 0.19729837E+22 0.12913802E+19
 0.19550016E+22 0.12795448E+19
 0.19371829E+22 0.12678179E+19
 0.19195261E+22 0.12561984E+19
 0.19020298E+22 0.12446854E+19
 0.18846925E+22 0.12332779E+19
 0.18675127E+22 0.12219750E+19
 0.18504891E+22 0.12107756E+19
 0.18336202E+22 0.11996788E+19
 0.18169046E+22 0.11886838E+19
 0.18003410E+22 0.11777894E+19
 0.17839279E+22 0.11669950E+19
 0.17676640E+22 0.11562994E+19
 0.17515480E+22 0.11457018E+19
 0.17355785E+22 0.11352014E+19
 0.17197542E+22 0.11247971E+19
 0.17040738E+22 0.11144882E+19
 0.16885359E+22 0.11042738E+19
 0.16731393E+22 0.10941530E+19
 0.16578827E+22 0.10841249E+19
 0.16427648E+22 0.10741887E+19
 0.16277845E+22 0.10643436E+19
 0.16129403E+22 0.10545887E+19
 0.15982312E+22 0.10449232E+19
 0.15836558E+22 0.10353462E+19
 0.15692130E+22 0.10258570E+19
 0.15549015E+22 0.10164548E+19
 0.15407202E+22 0.10071387E+19
 0.15266679E+22 0.99790803E+18
 0.15127435E+22 0.98876192E+18
 0.14989457E+22 0.97969963E+18
 0.14852734E+22 0.97072038E+18
 0.14717255E+22 0.96182341E+18
 0.14583009E+22 0.95300798E+18
 0.14449984E+22 0.94427333E+18
 0.14318169E+22 0.93561873E+18
 0.14187554E+22 0.92704344E+18
 0.14058127E+22 0.91854673E+18
 0.13929878E+22 0.91012788E+18
 0.13802796E+22 0.90178619E+18
 0.13676870E+22 0.89352094E+18
 0.13552091E+22 0.88533144E+18
 0.13428447E+22 0.87721698E+18
 0.13305928E+22 0.86917689E+18
 0.13184524E+22 0.86121048E+18
 0.13064226E+22 0.85331707E+18
 0.12945022E+22 0.84549600E+18
 0.12826903E+22 0.83774660E+18
 0.12709859E+22 0.83006822E+18
 0.12593881E+22 0.82246021E+18
 0.12478959E+22 0.81492192E+18
 0.12365083E+22 0.80745271E+18
 0.12252243E+22 0.80005195E+18
 0.12140431E+22 0.79271902E+18
 0.12029637E+22 0.78545328E+18
 0.11919852E+22 0.77825414E+18
 0.11811066E+22 0.77112097E+18
 0.11703271E+22 0.76405316E+18
 0.11596457E+22 0.75705014E+18
 0.11490616E+22 0.75011129E+18
 0.11385738E+22 0.74323603E+18
 0.11281816E+22 0.73642378E+18
 0.11178840E+22 0.72967396E+18
 0.11076802E+22 0.72298599E+18
 0.10975693E+22 0.71635932E+18
 0.10875506E+22 0.70979339E+18
 0.10776230E+22 0.70328762E+18
 0.10677859E+22 0.69684148E+18
 0.10580384E+22 0.69045441E+18
 0.10483797E+22 0.68412588E+18
 0.10388089E+22 0.67785534E+18
 0.10293254E+22 0.67164228E+18
 0.10199282E+22 0.66548615E+18
 0.10106166E+22 0.65938644E+18
 0.10013899E+22 0.65334264E+18
 0.99224721E+21 0.64735422E+18
 0.98318783E+21 0.64142069E+18
 0.97421099E+21 0.63554153E+18
 0.96531594E+21 0.62971626E+18
 0.95650193E+21 0.62394437E+18
 0.94776824E+21 0.61822538E+18
 0.93911413E+21 0.61255880E+18
 0.93053888E+21 0.60694416E+18
 0.92204177E+21 0.60138098E+18
 0.91362209E+21 0.59586878E+18
 0.90527915E+21 0.59040709E+18
 0.89701223E+21 0.58499547E+18
 0.88882066E+21 0.57963344E+18
 0.88070374E+21 0.57432055E+18
 0.87266080E+21 0.56905636E+18
 0.86469117E+21 0.56384041E+18
 0.85679417E+21 0.55867226E+18
 0.84896916E+21 0.55355148E+18
 0.84121547E+21 0.54847763E+18
 0.83353246E+21 0.54345029E+18
 0.82591949E+21 0.53846902E+18
 0.81837591E+21 0.53353340E+18
 0.81090110E+21 0.52864302E+18
 0.80349443E+21 0.52379745E+18
 0.79615529E+21 0.51899630E+18
 0.78888306E+21 0.51423915E+18
 0.78167713E+21 0.50952560E+18
 0.77453690E+21 0.50485525E+18
 0.76746176E+21 0.50022771E+18
 0.76045114E+21 0.49564257E+18
 0.75350444E+21 0.49109946E+18
 0.74662108E+21 0.48659799E+18
 0.73980049E+21 0.48213777E+18
 0.73304210E+21 0.47771844E+18
 0.72634533E+21 0.47333960E+18
 0.71970963E+21 0.46900090E+18
 0.71313444E+21 0.46470197E+18
 0.70661922E+21 0.46044243E+18
 0.70016342E+21 0.45622194E+18
 0.69376649E+21 0.45204012E+18
 0.68742791E+21 0.44789664E+18
 0.68114713E+21 0.44379113E+18
 0.67492364E+21 0.43972325E+18
 0.66875692E+21 0.43569265E+18
 0.66264644E+21 0.43169899E+18
 0.65659170E+21 0.42774194E+18
 0.65059219E+21 0.42382115E+18
 0.64464741E+21 0.41993630E+18
 0.63875685E+21 0.41608706E+18
 0.63292003E+21 0.41227309E+18
 0.62713646E+21 0.40849409E+18
 0.62140565E+21 0.40474971E+18
 0.61572712E+21 0.40103966E+18
 0.61010039E+21 0.39736361E+18
 0.60452500E+21 0.39372125E+18
 0.59900048E+21 0.39011228E+18
 0.59352636E+21 0.38653639E+18
 0.58810219E+21 0.38299326E+18
 0.58272751E+21 0.37948262E+18
 0.57740187E+21 0.37600415E+18
 0.57212482E+21 0.37255756E+18
 0.56689592E+21 0.36914256E+18
 0.56171474E+21 0.36575887E+18
 0.55658084E+21 0.36240618E+18
 0.55149379E+21 0.35908423E+18
 0.54645316E+21 0.35579272E+18
 0.54145853E+21 0.35253138E+18
 0.53650948E+21 0.34929994E+18
 0.53160559E+21 0.34609811E+18
 0.52674646E+21 0.34292562E+18
 0.52193168E+21 0.33978222E+18
 0.51716084E+21 0.33666763E+18
 0.51243354E+21 0.33358158E+18
 0.50774940E+21 0.33052382E+18
 0.50310800E+21 0.32749409E+18
 0.49850897E+21 0.32449212E+18
 0.49395192E+21 0.32151767E+18
 0.48943646E+21 0.31857049E+18
 0.48496222E+21 0.31565032E+18
 0.48052883E+21 0.31275691E+18
 0.47613590E+21 0.30989002E+18
 0.47178308E+21 0.30704941E+18
 0.46746999E+21 0.30423484E+18
 0.46319627E+21 0.30144606E+18
 0.45896158E+21 0.29868284E+18
 0.45476554E+21 0.29594496E+18
 0.45060781E+21 0.29323216E+18
 0.44648804E+21 0.29054423E+18
 0.44240588E+21 0.28788094E+18
 0.43836099E+21 0.28524206E+18
 0.43435303E+21 0.28262737E+18
 0.43038167E+21 0.28003664E+18
 0.42644657E+21 0.27746966E+18
 0.42254740E+21 0.27492621E+18
 0.41868383E+21 0.27240607E+18
 0.41485555E+21 0.26990903E+18
 0.41106221E+21 0.26743488E+18
 0.40730352E+21 0.26498341E+18
 0.40357915E+21 0.26255440E+18
 0.39988879E+21 0.26014766E+18
 0.39623214E+21 0.25776298E+18
 0.39260887E+21 0.25540016E+18
 0.38901869E+21 0.25305899E+18
 0.38546131E+21 0.25073929E+18
 0.38193641E+21 0.24844084E+18
 0.37844370E+21 0.24616347E+18
 0.37498289E+21 0.24390697E+18
 0.37155369E+21 0.24167115E+18
 0.36815581E+21 0.23945582E+18
 0.36478896E+21 0.23726080E+18
 0.36145286E+21 0.23508590E+18
 0.35814724E+21 0.23293094E+18
 0.35487181E+21 0.23079573E+18
 0.35162630E+21 0.22868009E+18
 0.34841043E+21 0.22658384E+18
 0.34522394E+21 0.22450680E+18
 0.34206656E+21 0.22244881E+18
 0.33893802E+21 0.22040968E+18
 0.33583805E+21 0.21838924E+18
 0.33276641E+21 0.21638731E+18
 0.32972282E+21 0.21440374E+18
 0.32670704E+21 0.21243835E+18
 0.32371881E+21 0.21049098E+18
 0.32075788E+21 0.20856145E+18
 0.31782400E+21 0.20664961E+18
 0.31491693E+21 0.20475530E+18
 0.31203641E+21 0.20287835E+18
 0.30918221E+21 0.20101860E+18
 0.30635409E+21 0.19917590E+18
 0.30355181E+21 0.19735009E+18
 0.30077513E+21 0.19554102E+18
 0.29802382E+21 0.19374853E+18
 0.29529765E+21 0.19197247E+18
 0.29259639E+21 0.19021269E+18
 0.28991981E+21 0.18846903E+18
 0.28726769E+21 0.18674137E+18
 0.28463980E+21 0.18502954E+18
 0.28203593E+21 0.18333340E+18
 0.27945585E+21 0.18165280E+18
 0.27689935E+21 0.17998761E+18
 0.27436620E+21 0.17833769E+18
 0.27185621E+21 0.17670289E+18
 0.26936915E+21 0.17508307E+18
 0.26690483E+21 0.17347810E+18
 0.26446302E+21 0.17188785E+18
 0.26204353E+21 0.17031217E+18
 0.25964615E+21 0.16875093E+18
 0.25727068E+21 0.16720401E+18
 0.25491692E+21 0.16567126E+18
 0.25258467E+21 0.16415256E+18
 0.25027374E+21 0.16264779E+18
 0.24798392E+21 0.16115681E+18
 0.24571504E+21 0.15967949E+18
 0.24346690E+21 0.15821572E+18
 0.24123930E+21 0.15676536E+18
 0.23903206E+21 0.15532830E+18
 0.23684500E+21 0.15390441E+18
 0.23467793E+21 0.15249357E+18
 0.23253066E+21 0.15109567E+18
 0.23040303E+21 0.14971058E+18
 0.22829484E+21 0.14833818E+18
 0.22620592E+21 0.14697837E+18
 0.22413610E+21 0.14563102E+18
 0.22208520E+21 0.14429602E+18
 0.22005305E+21 0.14297326E+18
 0.21803947E+21 0.14166262E+18
 0.21604430E+21 0.14036400E+18
 0.21406737E+21 0.13907728E+18
 0.21210851E+21 0.13780236E+18
 0.21016757E+21 0.13653912E+18
 0.20824436E+21 0.13528746E+18
 0.20633874E+21 0.13404728E+18
 0.20445054E+21 0.13281846E+18
 0.20257960E+21 0.13160091E+18
 0.20072576E+21 0.13039451E+18
 0.19888888E+21 0.12919918E+18
 0.19706879E+21 0.12801480E+18
 0.19526534E+21 0.12684128E+18
 0.19347838E+21 0.12567852E+18
 0.19170776E+21 0.12452642E+18
 0.18995332E+21 0.12338487E+18
 0.18821493E+21 0.12225379E+18
 0.18649244E+21 0.12113308E+18
 0.18478569E+21 0.12002265E+18
 0.18309455E+21 0.11892239E+18
 0.18141887E+21 0.11783221E+18
 0.17975852E+21 0.11675203E+18
 0.17811334E+21 0.11568175E+18
 0.17648322E+21 0.11462129E+18
 0.17486799E+21 0.11357054E+18
 0.17326754E+21 0.11252943E+18
 0.17168172E+21 0.11149785E+18
 0.17011041E+21 0.11047574E+18
 0.16855346E+21 0.10946299E+18
 0.16701075E+21 0.10845953E+18
 0.16548215E+21 0.10746527E+18
 0.16396753E+21 0.10648012E+18
 0.16246676E+21 0.10550400E+18
 0.16097972E+21 0.10453683E+18
 0.15950627E+21 0.10357852E+18
 0.15804630E+21 0.10262900E+18
 0.15659968E+21 0.10168818E+18
 0.15516629E+21 0.10075599E+18
 0.15374602E+21 0.99832341E+17
 0.15233873E+21 0.98917160E+17
 0.15094431E+21 0.98010368E+17
 0.14956264E+21 0.97111889E+17
 0.14819362E+21 0.96221645E+17
 0.14683711E+21 0.95339563E+17
 0.14549301E+21 0.94465566E+17
 0.14416121E+21 0.93599581E+17
 0.14284158E+21 0.92741534E+17
 0.14153403E+21 0.91891353E+17
 0.14023844E+21 0.91048965E+17
 0.13895469E+21 0.90214299E+17
 0.13768269E+21 0.89387285E+17
 0.13642233E+21 0.88567851E+17
 0.13517349E+21 0.87755929E+17
 0.13393608E+21 0.86951450E+17
 0.13270998E+21 0.86154346E+17
 0.13149511E+21 0.85364548E+17
 0.13029134E+21 0.84581990E+17
 0.12909859E+21 0.83806606E+17
 0.12791674E+21 0.83038330E+17
 0.12674571E+21 0.82277096E+17
 0.12558539E+21 0.81522840E+17
 0.12443569E+21 0.80775499E+17
 0.12329650E+21 0.80035008E+17
 0.12216774E+21 0.79301306E+17
 0.12104930E+21 0.78574329E+17
 0.11994109E+21 0.77854016E+17
 0.11884302E+21 0.77140307E+17
 0.11775500E+21 0.76433139E+17
 0.11667693E+21 0.75732455E+17
 0.11560872E+21 0.75038193E+17
 0.11455029E+21 0.74350296E+17
 0.11350154E+21 0.73668704E+17
 0.11246239E+21 0.72993361E+17
 0.11143274E+21 0.72324208E+17
 0.11041251E+21 0.71661190E+17
 0.10940162E+21 0.71004249E+17
 0.10839998E+21 0.70353331E+17
 0.10740750E+21 0.69708380E+17
 0.10642410E+21 0.69069340E+17
 0.10544970E+21 0.68436159E+17
 0.10448421E+21 0.67808782E+17
 0.10352756E+21 0.67187156E+17
 0.10257967E+21 0.66571229E+17
 0.10164044E+21 0.65960948E+17
 0.10070981E+21 0.65356261E+17
 0.99787696E+20 0.64757118E+17
 0.98874018E+20 0.64163467E+17
 0.97968701E+20 0.63575258E+17
 0.97071667E+20 0.62992440E+17
 0.96182842E+20 0.62414966E+17
 0.95302151E+20 0.61842785E+17
 0.94429518E+20 0.61275850E+17
 0.93564870E+20 0.60714112E+17
 0.92708135E+20 0.60157523E+17
 0.91859239E+20 0.59606036E+17
 0.91018112E+20 0.59059605E+17
 0.90184681E+20 0.58518183E+17
 0.89358878E+20 0.57981724E+17
 0.88540631E+20 0.57450184E+17
 0.87729873E+20 0.56923515E+17
 0.86926534E+20 0.56401675E+17
 0.86130547E+20 0.55884618E+17
 0.85341844E+20 0.55372302E+17
 0.84560360E+20 0.54864682E+17
 0.83786027E+20 0.54361715E+17
 0.83018780E+20 0.53863359E+17
 0.82258555E+20 0.53369571E+17
 0.81505288E+20 0.52880310E+17
 0.80758914E+20 0.52395534E+17
 0.80019372E+20 0.51915202E+17
 0.79286598E+20 0.51439274E+17
 0.78560530E+20 0.50967708E+17
 0.77841107E+20 0.50500465E+17
 0.77128269E+20 0.50037505E+17
 0.76421955E+20 0.49578790E+17
 0.75722105E+20 0.49124279E+17
 0.75028661E+20 0.48673935E+17
 0.74341564E+20 0.48227720E+17
 0.73660755E+20 0.47785595E+17
 0.72986178E+20 0.47347523E+17
 0.72317775E+20 0.46913467E+17
 0.71655489E+20 0.46483389E+17
 0.70999266E+20 0.46057255E+17
 0.70349049E+20 0.45635027E+17
 0.69704784E+20 0.45216669E+17
 0.69066415E+20 0.44802147E+17
 0.68433890E+20 0.44391425E+17
 0.67807154E+20 0.43984468E+17
 0.67186156E+20 0.43581241E+17
 0.66570841E+20 0.43181711E+17
 0.65961159E+20 0.42785844E+17
 0.65357057E+20 0.42393605E+17
 0.64758486E+20 0.42004963E+17
 0.64165393E+20 0.41619883E+17
 0.63577730E+20 0.41238333E+17
 0.62995445E+20 0.40860281E+17
 0.62418491E+20 0.40485694E+17
 0.61846819E+20 0.40114542E+17
 0.61280379E+20 0.39746792E+17
 0.60719125E+20 0.39382413E+17
 0.60163009E+20 0.39021374E+17
 0.59611983E+20 0.38663646E+17
 0.59066002E+20 0.38309196E+17
 0.58525019E+20 0.37957996E+17
 0.57988988E+20 0.37610016E+17
 0.57457864E+20 0.37265225E+17
 0.56931602E+20 0.36923596E+17
 0.56410159E+20 0.36585098E+17
 0.55893488E+20 0.36249703E+17
 0.55381548E+20 0.35917383E+17
 0.54874295E+20 0.35588109E+17
 0.54371685E+20 0.35261854E+17
 0.53873677E+20 0.34938590E+17
 0.53380228E+20 0.34618289E+17
 0.52891296E+20 0.34300924E+17
 0.52406841E+20 0.33986469E+17
 0.51926821E+20 0.33674897E+17
 0.51451195E+20 0.33366180E+17
 0.50979925E+20 0.33060294E+17
 0.50512968E+20 0.32757212E+17
 0.50050287E+20 0.32456909E+17
 0.49591842E+20 0.32159358E+17
 0.49137595E+20 0.31864536E+17
 0.48687506E+20 0.31572415E+17
 0.48241538E+20 0.31282973E+17
 0.47799653E+20 0.30996185E+17
 0.47361814E+20 0.30712025E+17
 0.46927984E+20 0.30430470E+17
 0.46498126E+20 0.30151497E+17
 0.46072203E+20 0.29875081E+17
 0.45650180E+20 0.29601199E+17
 0.45232022E+20 0.29329827E+17
 0.44817692E+20 0.29060944E+17
 0.44407155E+20 0.28794525E+17
 0.44000378E+20 0.28530549E+17
 0.43597325E+20 0.28268993E+17
 0.43197963E+20 0.28009834E+17
 0.42802257E+20 0.27753052E+17
