#......tp...... ...t_diff....
 0.10000000E-01 0.22742100E+01
 0.10471285E-01 0.23257117E+01
 0.10964782E-01 0.23771100E+01
 0.11481536E-01 0.24283464E+01
 0.12022644E-01 0.24793611E+01
 0.12589254E-01 0.25300945E+01
 0.13182567E-01 0.25804863E+01
 0.13803843E-01 0.26304766E+01
 0.14454398E-01 0.26800057E+01
 0.15135612E-01 0.27290141E+01
 0.15848932E-01 0.27774432E+01
 0.16595869E-01 0.28252355E+01
 0.17378008E-01 0.28723343E+01
 0.18197009E-01 0.29186843E+01
 0.19054607E-01 0.29642316E+01
 0.19952623E-01 0.30089241E+01
 0.20892961E-01 0.30527114E+01
 0.21877616E-01 0.30955451E+01
 0.22908677E-01 0.31373789E+01
 0.23988329E-01 0.31781688E+01
 0.25118864E-01 0.32178729E+01
 0.26302680E-01 0.32564522E+01
 0.27542287E-01 0.32938698E+01
 0.28840315E-01 0.33300918E+01
 0.30199517E-01 0.33650869E+01
 0.31622777E-01 0.33988265E+01
 0.33113112E-01 0.34312849E+01
 0.34673685E-01 0.34624394E+01
 0.36307805E-01 0.34922698E+01
 0.38018940E-01 0.35207594E+01
 0.39810717E-01 0.35478938E+01
 0.41686938E-01 0.35736620E+01
 0.43651583E-01 0.35980557E+01
 0.45708819E-01 0.36210696E+01
 0.47863009E-01 0.36427010E+01
 0.50118723E-01 0.36629503E+01
 0.52480746E-01 0.36818207E+01
 0.54954087E-01 0.36993177E+01
 0.57543994E-01 0.37154501E+01
 0.60255959E-01 0.37302286E+01
 0.63095734E-01 0.37436670E+01
 0.66069345E-01 0.37557812E+01
 0.69183097E-01 0.37665896E+01
 0.72443596E-01 0.37761128E+01
 0.75857758E-01 0.37843735E+01
 0.79432823E-01 0.37913966E+01
 0.83176377E-01 0.37972090E+01
 0.87096359E-01 0.38018392E+01
 0.91201084E-01 0.38053178E+01
 0.95499259E-01 0.38076768E+01
 0.10000000E+00 0.38089498E+01
 0.10471285E+00 0.38091719E+01
 0.10964782E+00 0.38083793E+01
 0.11481536E+00 0.38066097E+01
 0.12022644E+00 0.38039016E+01
 0.12589254E+00 0.38002946E+01
 0.13182567E+00 0.37958290E+01
 0.13803843E+00 0.37905460E+01
 0.14454398E+00 0.37844873E+01
 0.15135612E+00 0.37776951E+01
 0.15848932E+00 0.37702121E+01
 0.16595869E+00 0.37620811E+01
 0.17378008E+00 0.37533452E+01
 0.18197009E+00 0.37440474E+01
 0.19054607E+00 0.37342308E+01
 0.19952623E+00 0.37239383E+01
 0.20892961E+00 0.37132125E+01
 0.21877616E+00 0.37020958E+01
 0.22908677E+00 0.36906298E+01
 0.23988329E+00 0.36788561E+01
 0.25118864E+00 0.36668151E+01
 0.26302680E+00 0.36545470E+01
 0.27542287E+00 0.36420907E+01
 0.28840315E+00 0.36294847E+01
 0.30199517E+00 0.36167663E+01
 0.31622777E+00 0.36039717E+01
 0.33113112E+00 0.35911363E+01
 0.34673685E+00 0.35782942E+01
 0.36307805E+00 0.35654781E+01
 0.38018940E+00 0.35527198E+01
 0.39810717E+00 0.35400496E+01
 0.41686938E+00 0.35274964E+01
 0.43651583E+00 0.35150878E+01
 0.45708819E+00 0.35028500E+01
 0.47863009E+00 0.34908076E+01
 0.50118723E+00 0.34789838E+01
 0.52480746E+00 0.34674004E+01
 0.54954087E+00 0.34560774E+01
 0.57543994E+00 0.34450335E+01
 0.60255959E+00 0.34342858E+01
 0.63095734E+00 0.34238499E+01
 0.66069345E+00 0.34137397E+01
 0.69183097E+00 0.34039677E+01
 0.72443596E+00 0.33945449E+01
 0.75857758E+00 0.33854808E+01
 0.79432823E+00 0.33767833E+01
 0.83176377E+00 0.33684591E+01
 0.87096359E+00 0.33605132E+01
 0.91201084E+00 0.33529495E+01
 0.95499259E+00 0.33457704E+01
 0.10000000E+01 0.33389771E+01
 0.10471285E+01 0.33325695E+01
 0.10964782E+01 0.33265463E+01
 0.11481536E+01 0.33209053E+01
 0.12022644E+01 0.33156429E+01
 0.12589254E+01 0.33107547E+01
 0.13182567E+01 0.33062355E+01
 0.13803843E+01 0.33020788E+01
 0.14454398E+01 0.32982777E+01
 0.15135612E+01 0.32948243E+01
 0.15848932E+01 0.32917102E+01
 0.16595869E+01 0.32889264E+01
 0.17378008E+01 0.32864632E+01
 0.18197009E+01 0.32843105E+01
 0.19054607E+01 0.32824579E+01
 0.19952623E+01 0.32808945E+01
 0.20892961E+01 0.32796094E+01
 0.21877616E+01 0.32785911E+01
 0.22908677E+01 0.32778282E+01
 0.23988329E+01 0.32773093E+01
 0.25118864E+01 0.32770226E+01
 0.26302680E+01 0.32769567E+01
 0.27542287E+01 0.32770999E+01
 0.28840315E+01 0.32774409E+01
 0.30199517E+01 0.32779683E+01
 0.31622777E+01 0.32786711E+01
 0.33113112E+01 0.32481723E+01
 0.34673685E+01 0.32151690E+01
 0.36307805E+01 0.31814936E+01
 0.38018940E+01 0.31471774E+01
 0.39810717E+01 0.31122522E+01
 0.41686938E+01 0.30767503E+01
 0.43651583E+01 0.30407045E+01
 0.45708819E+01 0.30041478E+01
 0.47863009E+01 0.29671139E+01
 0.50118723E+01 0.29296365E+01
 0.52480746E+01 0.28917497E+01
 0.54954087E+01 0.28534877E+01
 0.57543994E+01 0.28148850E+01
 0.60255959E+01 0.27759760E+01
 0.63095734E+01 0.27367949E+01
 0.66069345E+01 0.26973762E+01
 0.69183097E+01 0.26577538E+01
 0.72443596E+01 0.26179615E+01
 0.75857758E+01 0.25780329E+01
 0.79432823E+01 0.25380009E+01
 0.83176377E+01 0.24978982E+01
 0.87096359E+01 0.24577567E+01
 0.91201084E+01 0.24578112E+01
 0.95499259E+01 0.24166673E+01
 0.10000000E+02 0.23756000E+01
 0.10471285E+02 0.23346381E+01
 0.10964782E+02 0.22938094E+01
 0.11481536E+02 0.22531408E+01
 0.12022644E+02 0.22126584E+01
 0.12589254E+02 0.21723871E+01
 0.13182567E+02 0.21323512E+01
 0.13803843E+02 0.20925735E+01
 0.14454398E+02 0.20530761E+01
 0.15135612E+02 0.20138800E+01
 0.15848932E+02 0.19750051E+01
 0.16595869E+02 0.19364702E+01
 0.17378008E+02 0.18982930E+01
 0.18197009E+02 0.18604903E+01
 0.19054607E+02 0.18230776E+01
 0.19952623E+02 0.17860695E+01
 0.20892961E+02 0.17494796E+01
 0.21877616E+02 0.17133204E+01
 0.22908677E+02 0.16776033E+01
 0.23988329E+02 0.16423388E+01
 0.25118864E+02 0.16075366E+01
 0.26302680E+02 0.15732051E+01
 0.27542287E+02 0.15393522E+01
 0.28840315E+02 0.15059845E+01
 0.30199517E+02 0.14731081E+01
 0.31622777E+02 0.14407280E+01
 0.33113112E+02 0.14088486E+01
 0.34673685E+02 0.13774734E+01
 0.36307805E+02 0.13466052E+01
 0.38018940E+02 0.13162462E+01
 0.39810717E+02 0.12863978E+01
 0.41686938E+02 0.12570609E+01
 0.43651583E+02 0.11411851E+01
 0.45708819E+02 0.11151895E+01
 0.47863009E+02 0.10896444E+01
 0.50118723E+02 0.10645499E+01
 0.52480746E+02 0.10399055E+01
 0.54954087E+02 0.10157101E+01
 0.57543994E+02 0.99196219E+00
 0.60255959E+02 0.96865990E+00
 0.63095734E+02 0.94580092E+00
 0.66069345E+02 0.92338257E+00
 0.69183097E+02 0.90140181E+00
 0.72443596E+02 0.87985529E+00
 0.75857758E+02 0.85873937E+00
 0.79432823E+02 0.83805013E+00
 0.83176377E+02 0.81778338E+00
 0.87096359E+02 0.79793471E+00
 0.91201084E+02 0.77849951E+00
 0.95499259E+02 0.75947294E+00
 0.10000000E+03 0.74085002E+00
 0.10471285E+03 0.72262559E+00
 0.10964782E+03 0.70479437E+00
 0.11481536E+03 0.68735094E+00
 0.12022644E+03 0.67028976E+00
 0.12589254E+03 0.65360523E+00
 0.13182567E+03 0.63729162E+00
 0.13803843E+03 0.62134317E+00
 0.14454398E+03 0.60575404E+00
 0.15135612E+03 0.59051836E+00
 0.15848932E+03 0.57563020E+00
 0.16595869E+03 0.56108364E+00
 0.17378008E+03 0.54687272E+00
 0.18197009E+03 0.53299147E+00
 0.19054607E+03 0.51943393E+00
 0.19952623E+03 0.50619414E+00
 0.20892961E+03 0.49326618E+00
 0.21877616E+03 0.48064413E+00
 0.22908677E+03 0.46832210E+00
 0.23988329E+03 0.45629423E+00
 0.25118864E+03 0.44455472E+00
 0.26302680E+03 0.43309780E+00
 0.27542287E+03 0.42191775E+00
 0.28840315E+03 0.41100890E+00
 0.30199517E+03 0.40036564E+00
 0.31622777E+03 0.38998243E+00
 0.33113112E+03 0.37985377E+00
 0.34673685E+03 0.36997425E+00
 0.36307805E+03 0.36033851E+00
 0.38018940E+03 0.35094127E+00
 0.39810717E+03 0.34177731E+00
 0.41686938E+03 0.33284151E+00
 0.43651583E+03 0.32412880E+00
 0.45708819E+03 0.31563420E+00
 0.47863009E+03 0.30735280E+00
 0.50118723E+03 0.29927978E+00
 0.52480746E+03 0.29141037E+00
 0.54954087E+03 0.28373993E+00
 0.57543994E+03 0.27626386E+00
 0.60255959E+03 0.26897764E+00
 0.63095734E+03 0.26187686E+00
 0.66069345E+03 0.25495718E+00
 0.69183097E+03 0.24821431E+00
 0.72443596E+03 0.24164408E+00
 0.75857758E+03 0.23524239E+00
 0.79432823E+03 0.22900521E+00
 0.83176377E+03 0.22292859E+00
 0.87096359E+03 0.21700867E+00
 0.91201084E+03 0.21124165E+00
 0.95499259E+03 0.20562383E+00
 0.10000000E+04 0.20015158E+00
